1
232000000
213010
401001010
200001031
420100
140020
200104
410100100
10020220
211300000
110300101
320000011
20110120
200004100
300030001
212002000
10012210
100120102
10203001
4100020
211030
3000013
10004200
301000021
10020100
30121
31200001
102100120
100001032
3004000
101004100
32100100
110210002
3000031
11001112
210000040
12110002
42010
402100000
20212
101100220
103011001
102300010
400010002
203000011
10012
3000001
110201101
102001
210010030
101200021
4001101
412000000
110001211
21120001
3000211
3012100
213001
300200200
12300001
3020020
101300110
100100320
10100101
11230
31120
110111002
20031010
212011
110101300
211101100
21012010
102103000
214000
101003011
202110100
20000122
100040110
122000101
14101
201002110
101011201
13000111
200113
202111000
1104001
110100211
11002000
202000012
20011
11101300
101103100
303001000
1104010
300002101
200011012
1140010
11010010
211021
130000201
4001011
310010110
101040010
1200100
220020100
1140001
1200103
3012010
110010112
11010202
202102
140002000
30002020
3000103
1033
100300210
101001220
11010130
102010012
300000310
10100221
11101012
40012000
3000121
201200110
401001001
400100020
1311100
21121000
102400000
103210000
21202
102110101
310000120
411100
10200001
110200012
401200
201112
4011010
1200130
10021300
30001300
101102011
123100000
10001212
301000012
101110201
2140
3000301
1200112
10001140
102000031
102020002
11221000
200211001
131101
1012
101200
101210002
112300
121000201
300020011
200003200
12202000
1200121
3020110
200201011
101000131
201100
101020102
20021020
301011010
20410000
210300001
104110
110020030
120000013
20041000
21001
20100130
300103000
11110030
220
10200121
1001140
104000020
20120101
2200012
231000001
30001012
20140000
12022
31100200
30000220
100202200
200110
11130001
10220101
112001200
121021
101030020
42000100
1132
202101010
20311000
132100
21002020
100011013
1001131
110000122
211000030
11200
10101013
100141
201121
1200202
111001300
310010101
12210010
103200010
13210
10240000
20002201
41000200
10010014
201001210
210110002
130003
10121020
2113
100001221
131110
10002004
40030
302010010
30101020
11011021
102200110
203110
11102020
100102111
140001100
200131
10030021
103003000
3020200
2200120
111101101
10022011
110120020
11031001
1001230
313
101200210
21111010
12012001
201111001
1220101
112200001
10010302
20010031
110001400
100020202
100020010
1200004
220000102
1200001
40001020
111100012
10010230
20030002
11110102
300020002
21011002
130000
1200010
12000211
40100101
22100200
201100003
400210
11202100
203000002
101301001
101003200
23100100
310200001
300000040
20130010
110130010
10300201
2032
212000200
111000211
111010201
1001221
310111000
211010002
1200031
230002000
103010101
120220
200122
13100011
30100012
200002300
20301010
111110002
1220110
301000
1200040
2200210
40010110
1001212
200200111
2311
3013
1011112
121012
201100000
102002011
1200013
1001200
10201201
112030
100004101
102010201
120100003
400000000
20011102
100101022
1200022
100132
102102100
11131
1001203
12020011
3211
101002111
220003
110200201
3211000
12100300
101010301
14011000
210004000
103000120
21000004
10221100
31000111
2200300
331000000
32011000
14002
21000100
101102200
301000000
10102120
10130110
102000220
20111110
10110010
302010001
101202001
110110102
2103001
130021000
300300001
111002002
22010101
21001300
1003300
200113000
10011022
100310002
100200022
13030000
10102000
100111003
1112200
140000200
1013200
20020012
10402
3400000
300022
101000320
120000202
200103010
1001041
110002102
102101011
120000010
302002
110032000
3100012
130011010
2002210
100000003
11012101
200000122
202011010
400001020
10003012
21100012
103300
1001032
20100001
3100000
2111011
120200002
1021120
202020100
10110202
112021
1011211
301000003
300010021
200201002
210202000
100130020
312010000
304000
100003012
320001010
3110011
210000031
100210003
30200020
1021111
100011202
100011010
300031
301001020
103100110
1001023
110000311
1220002
1011202
210031000
12013000
302011
20001112
113001001
310101010
1021102
20020300
210010021
11000032
1220011
1001014
201130
100001410
20140
200130010
1001020
230001100
11000104
321100000
111030010
201110110
411010000
10201
100102300
100301101
10210210
201101020
2111101
200001400
220000
30111001
21220000
101100022
211200010
400011010
12001003
300040
210003100
10202200
1330
3130000
1001011
11000200
201002101
302020
1011040
202000003
110001013
40021
221011
3100120
20200201
1001002
1220020
3100102
23000011
20001400
1021210
110101102
100100122
10103200
12021010
113100001
111100201
100201300
1003102
120211
301110100
31011100
222001
223000
101011003
10000012
2002120
20220100
13010020
110100013
112100101
1100401
1001122
21010201
20203
104002000
202000000
400100002
110011003
1011022
1100410
1001113
10240
1001110
111000400
2002111
32110000
3100300
20002120
20401
200112100
210121000
33010
401002000
103002100
112010002
10401001
202010110
210201100
100000321
21130
101001022
300010012
1031101
11013100
120100000
100120
220021
10000300
100101211
10310011
12010021
111220
312000010
20400001
1011013
3003010
10111210
11200012
1011010
101002300
1011001
300000031
130111000
112012
200200102
220120000
220012
10020211
103030
300001
1011004
10000132
3100210
221002
20110102
10012201
100010302
22000111
210030100
110122000
4000111
1204000
100200211
302000002
240000010
100111000
10040110
2002021
230000200
220012000
210100
100123
3130
210002200
10032100
203011000
11021110
1111
210100003
2002030
211000021
111021010
100110040
11032
130210000
1031200
110221000
2002000
211021000
12002110
14000002
300004
120001030
13110100
110021110
1021021
10100140
101101300
20011021
100202002
30011200
2310001
4000021
114000001
101201101
100210000
310011100
3011020
40011100
30210001
210100000
111001102
13000030
210103
10100020
302100010
20000104
12301000
300001300
200021110
13000102
1011100
3003100
20000200
11300020
1021003
10303
200012020
4000003
10120003
220210000
213010000
2300101
102100111
11010001
202001020
13011100
100132000
10021003
100001023
312001
130020100
210000022
200010100
11200300
2003011
11320000
2003020
12011200
131010010
312000001
401000200
200001010
210120100
102300001
30002002
200110300
11010121
210200200
2203
31111
300000022
300021001
2011
101200012
301012
103021
100122010
110001010
301001011
30010000
130010110
10311010
2003002
1101301
4030
101010040
1210
100020004
101300101
100100311
1101310
221020
21400
20032000
222010
2022001
40030000
10001203
110030011
120022000
21013000
20000311
2022010
101003002
101011000
11201020
10001131
100114
400111000
110100010
10212010
201010030
411000010
10102
110011000
20001031
3011110
301021
310021
111010003
1113010
202100101
101020030
301030
20100400
20021002
120012010
203010100
130000000
30102010
32101
32001001
1003120
303010
1001410
24100
110010103
31300
221110000
212101
210001300
211020100
100101400
100300201
300103
102010003
31020001
30110200
213100000
312010
220011100
10200040
1003111
42001
2203000
11110021
302100001
220030
201000301
101010103
110200003
200040010
2401
111211
120121000
104001100
200103001
211111
21002002
302011000
10200400
20200120
101102002
101110000
22000030
10101004
4003
11003002
202011001
200000113
21010120
400001002
12210001
112003
210111010
400101010
40000120
300112
100200400
13001110
121000000
141100
200020210
120111010
2010301
1300000
300010003
101000122
10121011
103101001
30101002
20022010
103012
1411000
300000013
311020000
102001300
11102011
10113001
330010000
301001002
310020100
211102
10030012
301111
40200010
20010301
200000110
140110
10022002
104000011
10101220
30000010
3210100
131110000
200130001
200100310
20010013
100020130
1300030
201110101
101030011
120101020
10010221
10033
23001001
301002010
301010200
20002
210112
10201000
31001101
220001110
211200001
2211100
100011004
10002211
1101202
211000012
101130010
1013110
100112020
100222000
22020001
401100010
103200001
10010101
1101211
12000130
130110100
203001010
210000400
20110021
210130
12000202
100001212
102100300
103
302001010
3202000
13100002
100001020
10300120
200200
12000010
102200101
2010211
2010220
200001004
100110100
310000
111220000
101100400
1013101
10320100
10201120
11301100
220002010
300000010
220010200
100321000
100211020
101200201
21112000
32100001
11111101
1121110
12020002
2010202
100020001
110410
40003000
1121101
10110121
400101001
1101010
10102111
20131
202010101
30201010
131020
13002001
33000100
100201102
213100
21000130
100002301
111202
11131000
10130101
110110030
300000004
10110001
110130001
2102011
100010041
1212001
111000202
11230000
110140
100014010
210110110
111000010
10122010
1320010
311010010
1212010
210121
101032000
12211000
2011201
11210101
11103010
200010220
40003
10114000
1101040
110002030
1001302
201202
120000130
220200010
200212000
2122
10031020
120211000
12120010
100000123
300001030
10003003
311002
102010000
21101002
101001400
301002001
311000020
310102000
20100031
2110021
30001201
101121010
1023100
20120002
210021010
10011301
101002102
30010111
101010100
110200000
121011010
401100001
320002
322000
220000210
2102101
103000111
100121110
400012000
411100000
20000230
100011130
110012020
110022001
410020000
201100111
10003
231001000
110020210
400010200
302001001
311011
2030200
102000211
20112100
203000110
200410000
130001020
11012020
11000023
100010104
2410000
21121
2122000
31100101
100200013
103000
210301000
101012020
320011
11221
12001210
1123
300000001
10210201
11020102
13101010
102101002
1121200
121001020
10011400
200022001
230002
120120100
1101100
200000104
24000100
200021101
104000200
1101112
21102010
112120000
12021001
2320
200012011
1212100
11112100
101101102
4111
120021100
200203
102211
132010000
2011111
202001011
101022010
20121010
100130011
221100010
100003003
101030200
210000013
110101030
121110010
301102
103100101
110000110
100011001
111120100
200001001
1121002
400002010
103003
11001022
10131100
14020000
201112000
32000200
200101201
120011110
11120110
120110110
2110201
131011
2011102
41000002
12101110
100001401
2140000
10000003
121100020
10004110
320000200
300001021
10020010
300022000
3002011
210000010
201101002
1121011
202210
2130100
10012000
120020011
20101102
120100120
1041010
11100103
1121020
200000230
10310002
200211100
2023
1222
30004000
110112010
401200000
110001004
12010012
300011011
10111201
11001310
1041001
1200220
201220
400200100
200201110
302101
120010021
311101
111100000
100100113
302110
22001101
201020020
11200003
20201110
2011030
10000123
311110
10020130
110100004
100002040
21020101
12013
231000100
100010230
2100400
10012120
220110010
200230
100111120
202201
100221100
10040101
22120
2011021
10000411
130101010
30100201
110131
122020
110014000
11021101
231010
4110010
100000312
3010021
101001013
301101100
20102110
100000120
13201
100021021
302101000
210111001
100300003
100101202
100101010
2011000
12002101
3002101
202000111
200020201
31000300
20011003
400002001
221000200
11101210
300130
103000300
230020
10330
100320100
100210120
32020
102031000
21000001
1001320
21004000
41100010
110300020
22120000
120002110
13000021
203200
111001030
121210000
22010002
130200010
100002103
21310000
200221
400000210
232000
102000400
11300011
1200301
100230001
100120021
201111100
221020000
100200202
11010040
20111011
30310
200100301
100200010
210001030
231001
21200002
11010112
10001011
1220200
131002
40000021
102001102
3010201
10410010
110103010
300020200
220001101
301000210
201100102
110201020
210011020
100220011
100110031
2031010
20211100
410010001
23110
10100203
130003000
40020010
203001001
230011
120001021
200210200
302200
30010030
110021101
20310100
10311001
20012011
410000020
1201120
21100201
10112200
113020000
101320000
201000031
100003000
320100010
102011020
200200210
101401
110004010
2031001
201003100
10212001
10021210
4021000
111011020
20020201
300211
12110200
122000020
101011120
112020100
22011010
11201011
220002001
301100020
110100130
211011001
23000200
1201111
11122
121020100
200012002
300100120
110011120
30103000
330000001
31102
122010010
31100020
130000120
102021010
210000004
120020200
310002100
101100010
210100111
101100202
1011310
10200103
200030011
31011001
400102000
110122
121010110
300220
10001410
30001120
10200031
420010000
100122001
110001001
102110020
33001
30030001
210110101
331000
320020
200100040
11110012
101010031
400000201
100100110
22110010
4201000
200010211
14001100
200001121
10220011
13001101
220200001
101110120
120010210
222100
20220001
21300010
110100001
310102
12310
111111010
11010400
311000002
201010012
121000120
110311000
20002021
301000201
111000004
13020100
1420
210021001
10121002
2210002
130201
10002010
301003000
11102002
20300110
2210020
10030003
102121000
101120110
101001010
401101000
310111
101001202
2202100
10300000
320100001
10101211
100300000
21103000
111210010
410110000
1201201
30000040
1221100
33010000
110113
2220010
1201210
13200010
113020
10010212
210101002
2212
40000
220120
1201003
110000041
220100020
10010140
10002202
2210110
110203000
202102000
12310000
30202000
11202010
21020020
10002130
21011110
102000013
10213000
100120210
11110300
403000000
40002100
12000121
110400010
202000102
10231
1312000
22000300
312100
20110003
1021300
310120
3201001
101000113
100001140
10300111
221100001
222010000
110210110
321100
211001020
12000001
100102030
13102
100212010
110020012
102220000
30100120
122110000
100220200
1201012
121210
102030100
10201111
30100
130100110
203100010
30011101
322
101220100
400100200
20011210
220111
120001210
122002
20103100
420000010
310000300
11111020
221101
120101011
110111110
10110040
12100210
200310010
311011000
110000104
21000112
100201030
2101000
20000101
100112011
10102030
200000221
2410
2101012
2002
11004001
200202001
20020120
111000130
111010120
100001203
4012
201030001
10122001
200201101
201000022
100001011
310201
10110400
31110001
320200000
11103001
100030102
300012010
3310
300202
31000003
201020011
10031011
110110
110302000
110010220
12120001
410000011
102010120
11310100
100004020
100114000
110120002
20100013
101200000
100211011
100012210
10030
220110001
21100120
302000200
100330
101002030
200400001
1110001
110200120
12200110
301100011
130002100
120201010
202101100
111003010
1110010
110104
100400020
300100111
120300010
11023
241
200030002
1110004
101122
211000120
120003001
102020110
200110021
110110021
11012011
1110013
20001220
2121001
100010032
201001300
13101001
11000014
2401000
3120001
111000001
1110022
11000110
102013000
120004000
101020210
12001201
1110031
200010202
301210
40010101
20100301
200001112
110002021
400003000
120000121
1110040
201210010
211201
420000001
100203010
100000114
101013100
110102110
100101004
110101
121002100
101101030
101121001
1221010
30040
10210000
21110110
10230100
311001010
10202110
13003000
121011001
103000102
100121101
20200021
210211
100011121
110012011
21010021
40
221010001
210011011
110020201
300010210
212200
3110110
102000202
11120101
10111000
13010002
241000
200300020
130001011
111103000
112011010
10103110
40000210
104020
12101101
121201
140110000
100200004
201102010
410000002
101012011
102120100
10020001
21202000
11211100
100301020
120103000
410011000
200200201
100321
20010202
410100010
101112100
111202000
210202
10032010
10004101
110310100
30000103
11100022
40200100
20122
10000210
300100102
12010003
11001301
100020310
202100200
30021010
120101200
10000
100130002
300301
12030010
320101
4101100
10024000
2003110
110101021
100100041
11140000
20110210
3013000
121110001
111100120
100104010
330001000
10000114
100112200
10132
10020121
3301000
120011101
11013010
10012111
3001111
112100020
301300
101111011
2003101
13003
200100031
201000400
121100011
13102000
320110
14100100
1130020
110202100
23101
10040020
2300020
101211010
3110200
103110010
101100004
111110110
120020002
30400000
2300002
120100111
100000240
400001200
13110010
202011100
200000212
31001002
100101130
10211200
100211110
201010003
10100122
120400
202012000
110301100
110110210
30011020
330100
3001003
20031100
11101201
12022000
11041000
13000012
101014000
22
120010012
3001021
100100104
210000121
212101000
100303000
21000031
10100002
101110
20202100
301001200
112210
201020002
140100010
2104
110211001
21021010
21012100
100002031
22002010
100312
120400000
201010000
100010221
113002
33000001
100310110
3001201
11010031
100111111
11010103
201110200
101310010
240001000
30120010
130101001
12011110
120000310
121200010
211210
10410001
220100011
211200100
110002210
100000303
11200210
131001100
101001004
3021010
112002010
100021012
32011
14000200
202210000
30002110
100101001
120200110
10120201
30103
101113000
40120
103012000
3031000
123001000
4002001
100003120
100113100
11030110
4020001
210220
201300010
340000
100011310
100210111
200023000
22300
110300011
30301
12010
120002101
110012200
121003000
10001113
130200001
300200101
300111100
11201002
130001200
120130
102012100
112201
203100001
102100030
20021110
20112001
201301
100200001
3004
101004010
230101
1114000
122001100
10041100
101012200
40002001
2004001
200002000
20100220
31100002
121001200
24000001
202002010
11022100
421
202010200
212100100
101100130
200102200
110201011
240010
300002002
3202
100220002
100110022
310010011
30001102
101101
20101003
10200022
200311
131000011
120001012
112102000
110001121
11110003
10101130
3021100
12003100
101300020
30000310
100100230
10220002
2201011
300000211
13001020
203110000
110101210
102111100
32000101
122100100
111011011
2023000
120102100
310000021
101011111
3200101
1301002
100040020
110100121
2014
222000001
322000000
10
10010011
101103010
130030000
110011111
10200310
101111200
121100200
30110020
10002001
122010001
201000010
130000111
410001010
202200010
102021001
312100000
2201101
110010022
311100100
101100001
112010110
30101110
201100210
204000001
100042
10411000
200302
112201000
101001130
100410100
3400
101021101
121010101
22210000
20010121
104020000
10101202
10320010
20102011
40001200
102110011
120100300
1320100
200041000
100012012
402010000
111201100
21111100
101010022
22100002
1301020
10010203
13200001
100100101
10201030
300310
1301011
10010131
200001103
102210010
11400010
101400010
1004002
101110111
120010201
100300
21020002
10002121
22001002
11202001
20201011
10030210
111111001
200012110
300101110
12020200
12000112
121000111
210102010
20130100
1002013
100111300
10022200
3200011
1002010
101000041
101020012
202001110
310010002
1002001
111102100
210000112
11003200
30100102
20301100
100000300
101410000
101120101
101001001
100021201
12000040
211100020
200300011
111210001
301200100
13100200
21120010
1004110
41001001
11011003
20011000
201102001
41020000
31000201
100303
310000012
230000011
100202011
22101010
100210300
313000
41100100
12010111
300013000
111301000
110200111
202
12002020
12100201
11210011
20111200
10110031
30301000
220100002
10401100
10221001
110110300
111001210
20103010
201021001
2100004
100001104
300112000
210010
222000010
202300
110300200
2101030
1120012
20000131
300020110
102000004
100302001
410001001
100120201
100302100
11300002
101130001
201010120
40000111
230100010
131100001
110400001
20020102
20001001
210001012
230100001
1303
201001030
10411
1200211
10102021
22200010
1400200
200011111
12112
101302000
2100040
101000104
2011300
203002000
130030
140101
10402000
110022010
21001030
110210101
1020004
211001002
2001211
1020010
20101021
100102021
2041
41010001
100212001
102200020
110020003
30003010
1240000
100110211
20040001
2000101
200110111
10031002
211012000
10011001
114000010
124000000
103011100
40200001
110201200
214000000
210030001
140010010
1312
110001310
10014010
121120000
111101011
113011
101200120
1012000
130100101
20211001
200020120
1410001
10001002
10100014
100401100
2020111
21100102
20012200
220003000
11013001
120001201
4300000
200102020
211000111
131000200
102003010
1020121
1012003
4
101200102
13201000
310100200
12200101
102011200
120101002
20310001
110111101
21100030
11040001
311020
1020130
200031010
300101101
10003300
101201002
1200310
11001220
330000010
113000002
420100000
111011200
400001110
21001102
30000100
111200011
2100130
100002220
100201021
21000220
100112002
101003110
3101002
230101000
330100000
100010410
103201
122000200
30200110
101011300
1011121
212010010
1010002
20001202
111004
2120011
12220000
220201000
212000020
120003010
202000210
20001010
1321000
23000101
111000121
11011210
111010111
40110010
103010011
311002000
200011210
11000101
130000300
10001320
230010010
21000211
200002120
201000004
100001002
300010
200101300
20113
211001200
23100001
1321
1201030
100030
124000
200000131
120111001
121111
2112001
120112
2211001
20100211
2030101
2101210
210130000
12001000
111010000
301110010
112011001
221200000
100000042
21112
11000221
3101200
121101100
101104
200000200
2100202
100004011
31003000
102010111
20120110
1102102
103200100
10001401
30001021
100012201
100211002
101014
4002100
2130001
10210111
300021010
310201000
21101110
2100220
20040100
102102010
10000420
1411
1102111
101002021
102301000
20010010
30022000
102110200
11112010
40000102
100001014
101010211
20104000
10202101
1311010
201101101
2010022
40010011
120201001
103020001
22003000
2120101
111003001
110100301
14010001
100400011
300003010
21010003
300011200
101102110
2013100
220001200
41001010
1200400
1130011
102310000
20001301
101110300
102000130
410101000
21001201
102020101
20200003
200110003
10000033
1300021
300020020
20020210
121000300
210022000
20004100
110110012
10103101
100030300
100010023
202200100
110003101
20000041
100141000
100402
203001100
10004011
20004001
101011
1122010
2012002
4200100
1010014
300011002
12101020
113010100
40001110
140000020
101000230
20130001
202120
20300011
201300001
10020202
10131010
20101210
112000300
10012102
121000
302000020
213000100
20013001
1004020
400110001
110002012
2100310
120000112
30300010
30031
100010113
21210100
10012030
113000101
110030200
300102001
1114
100010401
111001012
100203001
200013001
110031010
220002100
200110000
30012010
11113
110102101
10004020
110000203
11100013
11104000
113101000
11120020
111121
10000321
10000201
22001020
200010121
101101021
213001000
1120030
10032001
2012101
3012001
311001001
100010110
1004011
310003
300010120
20010040
11020
20320
210220000
200121010
110010400
201400000
120040
30020020
12030001
112101100
100400002
11002
111010012
20030011
102100102
2012110
202002001
102202000
10011004
100011112
13030
110012002
104101
21011011
400021000
110000221
200022100
10010032
3000040
300011110
200030110
10020112
103100020
100101121
22000201
200011021
100021
212100010
12201100
11212
1400110
200300002
130001002
100003021
4100011
112010101
220001002
11012002
100040200
21000301
1101220
11002021
11011012
21211000
31200010
100001320
20110000
3000010
30100021
301110001
132000001
231100
10310200
101000101
31030
20010220
340000000
400003
400102
101201011
310300
200010310
10410100
100301011
300100030
11001100
100102210
3000022
30220
200000041
200011120
43000000
31102000
11220100
100110400
30121000
111300001
12110011
121001002
20013100
11021011
30031000
200000002
201011011
12301
220200100
310000003
300001210
121201000
1201000
12002011
320000101
1311001
200203000
402100
20011111
4001110
40001002
120100201
321010000
311000200
123010
10222
20103001
320010100
1122100
30011002
10100113
1102
301120
23020
30003100
112200100
111211000
13000003
31021
4002010
3000202
120110002
30020101
10100041
31000120
201000001
2121010
20000401
220000300
2000401
110100100
421000
1100302
21000013
1102003
3000220
1000141
11001013
111001111
10011013
111100111
20230000
4120000
112000210
100201210
3020011
401000110
22000
2000410
104010100
1014010
1102300
100400101
101301100
110400100
112100011
213000010
203000200
121003
110010031
202010011
21310
1000132
120103
20131000
410000110
111002101
11002012
100010014
10104100
200401000
20000002
201040
10120000
12102100
101111002
101210101
1000120
211010101
410010100
11010022
1100230
200100013
211010200
121100002
3030010
200002012
111000310
301020100
10021000
400020010
20020021
120100
23010010
103002010
4001002
110200300
21200110
110110003
20210200
2012011
10013110
103010200
103110001
101023
1000123
111110101
3000112
10000330
100310200
31012
120100102
1110220
3001
4001020
100011400
210004
24010
111011101
3000100
1000111
100004200
3000130
102002110
2020012
4102
21100021
110320
20100010
40001101
210000130
310030000
1000114
400012
400201
31210
110110201
210102001
300400
10000042
114010000
100002112
200003011
100012102
100012
401002
22102
1000102
402001
200002003
11030101
202001101
22102000
101032
120010003
221100100
200202100
301010110
102130
210000103
101010400
220100200
10011211
21001021
111000022
4011001
120031000
211002001
10001200
130111
3010111
12031000
2101201
401020
41020
10001104
110000320
3102010
4201
201013000
101201110
21022000
2000320
20001121
3300010
310001101
103001002
12110110
211100011
112002100
113000011
101100310
100003201
2021020
1000222
100010212
1010140
100010020
1042
113000110
10001020
1400011
3020101
3000310
100024
100200121
100000000
221000101
141000010
100110112
113010001
2000311
3100
23000020
32002
21001012
101310001
20100202
1101121
30102100
40000012
230000020
1400002
210000100
120000301
121200001
1420000
30111010
123000100
2101102
11320
1010131
1002202
102101110
110002201
120100210
11103100
100201111
113110000
113002000
100020112
3030100
1024000
200000320
1003201
112002001
10023001
100021003
100000111
32110
2032000
2230000
300111001
111002011
11002300
221011000
201010111
2000302
114001000
100211101
120200101
10200013
21110011
21010102
300030010
200100100
1010122
200110030
2200003
1010113
321000010
101101210
1000210
100401001
201030100
1110301
110401000
42010000
100003111
200201200
3300100
1010110
31201000
123001
20200210
13001011
100011301
210012010
1210003
301000102
1110310
210020200
410002000
41100001
10101121
1000204
20120020
201020110
100411000
120010
101010004
40000300
310020010
10101001
1010104
1210012
113001100
30220000
12111100
11102200
114010
110200030
13012000
300000130
3101020
20100112
112000021
100401010
10021
3220
10100032
10200211
1104100
112000120
300130000
10010002
102100021
20022100
13020010
10010110
212001010
20210101
111012001
1130200
201010021
10200301
11301001
100311100
101004001
10002112
3000400
211000102
30110002
302000011
10100212
101202100
20121100
1010101
412
200120110
20101120
130020010
330010
10002040
10300102
2212000
2200111
11014
1330000
210310
200010040
112001002
111011110
112001110
41010010
20002003
11001004
110201002
11130100
101220010
100110013
11400001
10300030
102121
210210010
300010300
100110103
1110100
101041000
300102100
20010103
112102
211010020
212010001
30000004
1110112
200101030
112110100
40020001
201200200
131000002
120001003
202000201
123100
42100
21102100
103111000
1401010
10320001
400000
1110121
102011002
200011201
100103110
100002121
112003000
230010001
200121100
200002111
41001100
2000221
4001200
12102010
113100100
1110130
31010101
300040000
10201021
2020300
11110210
10010122
100100032
1000033
10121200
110101201
1210111
1000030
102211000
101210110
1010212
10104001
21003100
100010122
2020210
201011002
300120010
301020001
122000002
120012001
101011102
300001102
201001
20110111
210010003
100040011
240100
2000200
21130000
22000120
1000024
200001211
20003200
2003200
2000203
100004110
112000111
110021020
12000103
1020112
200040001
100002310
110011102
100012300
12210100
102001021
13012
10013002
200110210
1202020
402001000
111010021
1202200
111000220
204010000
130000102
20000020
41011
210110200
200003002
1400101
1401001
221001001
200020030
100012111
400020100
1020103
110010013
100000420
300003100
221010100
100000012
40001011
200000023
111013000
10010410
210300010
211111000
210011110
130010200
210301
220000000
103102000
111003100
1202002
1020100
100300111
12000031
201000040
20003011
10002400
13011001
2201002
2301001
100113001
1202011
101203000
100000
110030020
10002220
320002000
102110002
10102012
230200000
40201
100012003
202000030
310020001
1000012
111100
410000200
200100004
11111002
101010013
310000030
110311
201000121
122200
4100101
120010000
11140
2000020
210101110
1000000
330001
20410
200200300
20031001
22200001
104001010
11210002
10112002
300110002
102210001
13300000
101400001
200003110
21012001
12100120
101110102
200002201
2000131
200003101
200012101
1110202
1101130
20000113
20101201
220101010
200110120
101320
1000003
10110022
111400
211110010
10400110
200111020
20014
103001110
10130002
20202001
30201100
100012021
111010300
100200310
121000102
110041
2103010
2000113
102112
201010300
12100000
211002010
200010010
22001200
101000032
21031000
210010000
11000320
101020003
10003120
110020102
132000010
41000110
112110010
103201000
110230000
2000122
200000101
200021200
200013010
11302000
201021010
1030111
10110310
100001101
100003
10301101
10011010
110000101
10123
210100201
300110110
200010013
13010200
200020012
20110201
30002011
200030101
201031000
10102300
100010002
100021000
10003000
200003020
211001011
11200201
2111002
1130101
33100000
3100003
14010100
102201100
10300
320101000
2021110
142000
31300000
300000202
10011220
40010002
20001130
10100230
200100130
1004200
100013101
2111020
100022101
100202101
30010201
10321000
203101000
1010020
1202110
2101120
100020040
112010200
30110110
220101100
200010301
110003110
310001002
10202020
20000212
140011
130120000
1111003
110000023
114000100
3110002
110131000
40100020
1111000
130120
111001201
12200020
10130020
2100022
300300100
20000320
100001230
12100003
1130110
110013001
11004010
22030000
1213
1010011
2030011
10011202
20203000
113000020
1011400
130110010
112111
201010102
210000220
10210
1202101
302000101
212002
400210000
10222000
10011130
220110100
201001012
100013200
200202010
20001040
22201000
11000020
12100030
114001
1111012
211120000
12001111
102100210
100001122
300201010
2120110
120110200
231100000
20021011
10101100
120102010
120121
113010010
1111021
21201100
310001110
100402000
2000032
200302000
102200011
100120030
100102012
11000140
100030021
11020003
2111110
1230100
210400000
1111030
30001003
11112001
20311
20100121
20000110
210300100
2000041
11000212
213000001
220010020
131002000
30013000
31020010
111101002
2020120
101200111
20101000
2000023
210010210
300301000
41011000
141001000
310000111
120001000
21100003
21040
10210102
30000211
110023000
110001301
3100111
200104000
102003001
13000120
100020103
110004100
11203000
100100410
1204
320000110
43000
20030110
111002020
10210030
110220010
402000100
200001220
2202001
410001100
201001201
200011300
21002011
2011120
220100110
2000002
200010400
200020300
4011100
100032010
200111011
1010032
110030110
10020022
2000014
310100110
100002211
32000002
204001000
230200
101003101
200000302
1040101
220300
10000024
121
1301200
1002040
30200002
430
1300003
201004000
11211010
102040000
101201020
120003100
130300000
212000002
10111030
2111200
20002000
300000100
220102000
111000112
110220100
111010102
111012100
103010002
102001210
12101011
10000000
211011100
10132000
400200010
10103020
200002102
24100000
101010112
200010103
10131001
101040100
30101011
200010031
201211000
12001
133
30020002
211001110
20002030
110010010
1002031
120000040
23011
200001130
201000130
300400000
10012021
300011101
430000000
110010202
22030
1012210
100300300
1021000
1012201
112010011
20010310
20111020
100131010
11100004
100004002
101001310
102010102
100000210
14000011
1020001
203100100
1002022
1111102
111020200
11120011
21111001
1320001
400000003
12100
21040000
110021002
100012000
30300100
102102001
110030002
141000001
10000240
20010022
12111010
20201200
1021012
100010011
10110112
220000030
21301
101010202
30020110
14001010
23001010
103000021
2102020
100001200
200001100
2020021
100002001
1040110
100121020
100011040
120210100
31001110
21000400
310012000
110020120
104101000
2020030
11200000
200301010
320001001
110200210
10000120
200000311
301101010
20000023
111200002
200012200
22020010
10021201
2030002
102000121
202030
1031011
2040100
3100201
102100
40210
1131001
300101002
2012020
2020003
301003
2020000
30022
40011001
200000203
113200
200001202
11200120
40020100
110000113
10020103
24001
4000120
1300210
100014001
100023001
1210210
201000112
30100003
210020020
200022010
2302000
1231
40011010
140011000
210012001
101200030
11100031
1000420
11311
3101110
11001211
401001100
11020012
110002003
201020101
120000103
11030011
1131010
11021002
121001011
4000102
11001103
1201102
20301001
200401
120120010
11400100
3011101
23110000
131200
303010000
120000004
12002002
110001130
201000310
302200000
20102200
1300111
11100100
222000100
10101010
2014000
111030100
10211110
1210201
10100104
101101012
1002121
32100010
120021010
14100010
11000302
2310010
310100101
231000010
1300102
2220100
112001101
20040010
21030010
211020010
104000110
2004100
1300120
104200000
101030110
200120101
111120010
1021201
310000102
310100002
4000012
102103
1010041
1002112
31000102
12003010
1000402
201130000
131020000
300101200
10120111
204000100
1022200
22300000
130010011
111000103
211000210
10112101
1004101
4000030
210210001
122020000
110040100
1103002
20111101
120011020
331
10001032
11000311
30211
21103
101041
120110020
220010101
1031110
11002003
4000000
40000201
22001110
210011002
10010311
20000032
100001311
2300110
1012021
4010002
1002103
1030120
11010013
1300300
11010211
200011102
10024
10100320
100022020
20020003
221101000
211100200
212010100
212020000
13000210
100102201
100030210
1110103
4010020
30112000
2040010
310010200
200410
200300101
1031020
1301110
1010023
110320000
102200200
311200
201210100
200103100
210111100
1012012
2202010
1002100
12011020
300101011
200220010
11101111
210001102
100111030
120100030
11122000
2310100
11020111
10041010
20020111
110120110
10100200
1130002
10001311
20100040
210003010
112120
1120003
111030001
101200300
111031000
30001210
40021000
1201300
12103
10002301
210001111
20120011
100020100
22000000
301101001
101211001
43
30010120
110010100
111020011
4200001
111000040
300100300
111112
20012101
111130000
100100023
21001003
1111111
212100001
10000231
100231000
310002010
11001010
111100102
2300200
13110001
112000201
100201201
300031000
200001022
1012120
200100022
1010401
1011103
1100020
100042000
10040002
321001000
2001001
400200001
12110101
10303000
14020
200300110
12211
140101000
111121000
112111000
201103000
110130100
100002004
20221
220000111
112100002
1022020
1210300
200110102
31003
123000010
11201200
100010101
31100110
201102100
3011200
40110100
1012111
20001103
100221010
1014100
31001020
111000301
300000121
12220
1011220
400000111
121120
21010111
103002001
321010
11014000
1020040
1301101
1402
200010112
1101001
100020121
12130000
40101010
110010121
10420
200111002
202201000
214
201011020
2110
10200100
100000222
212001100
100000030
1122001
100240
13111000
110023
400110010
202002100
220030000
102002101
1020031
211110001
21101011
2010103
211000000
111040
1022011
100101112
111022000
112021000
221000020
300020101
400110100
200020021
111031
4000300
22110100
120000001
21101020
301000111
30000130
21200020
11300200
100311001
1210120
103000210
1020022
23000002
101002201
10011100
310200100
14001001
301011100
1022002
100320010
100041100
100024000
100210030
2040001
13001002
10101112
11010301
11002111
31201
120002020
202030000
21010000
211000003
131100010
121101001
2102110
101200003
110020111
210002020
30010210
11011201
202300000
201030010
3010012
1210102
100001302
20200000
21300100
100002013
110000302
101301010
11041
101300011
201120010
102000310
110110000
100010203
1021
100031110
13020001
122110
211010011
41000020
100411
131011000
200100121
100200112
10101400
10002103
201202000
20110
31000030
20300200
130102
20002111
101113
200110012
120210010
100101013
11011120
310110001
30012001
230000002
4000210
101000410
2001130
2100031
310011010
30020200
3112
10014100
200120002
320110000
10030000
102101101
120000100
300100021
300121000
100123000
301
300300010
310200010
10100401
200011000
20101111
1010203
4101010
202003000
210020002
11031100
2100112
1022110
20030200
12100012
104200
210002002
10002100
110031001
210000211
20120200
22100110
20041
110001040
310002001
100031200
104100100
100021210
201001003
110011210
3010
200210020
12012100
101101201
110021200
100013020
100130110
110003020
1102012
10220200
2221000
30010
200120020
1302010
402000001
300200110
302010100
4120
11101
300110011
2101300
100010140
300111010
201012010
1032010
11110201
112030000
1302001
100011100
12011101
10300300
103100200
20003020
20003110
23100010
100003102
110000401
30211000
200101021
34
112020010
101011030
12000310
140200
310000000
220010011
21000202
11011000
200020102
200001040
210100102
21020110
110100040
1002004
10010113
2000110
101110003
21011200
102100012
110011030
120110101
400100110
201001000
10030120
11101120
104100001
110302
1103200
1030021
2100121
2200021
202120000
310000210
10022110
30001
1032001
10013101
10014001
11003110
12020110
130000030
210010201
210020101
130020001
13100110
111001003
21210001
11101000
20010400
220100101
210020011
110011021
3011011
200102101
220011001
200002021
10010401
210001021
120112000
120020110
100330000
13000300
30003001
1030012
130300
210200002
111020020
30100210
121010020
40010200
10001041
120013000
12000022
112000003
200201020
400000102
200131000
3040000
200101012
11110
111021001
21100
1030003
402000010
211
1000201
1300201
110001103
1120102
12400
110014
210100021
210200020
321001
3210001
20401000
121000003
111020110
101300002
10020400
2100013
300201100
201300100
100110310
12202
1021030
120010120
100100212
100100020
21000010
1030000
201201100
211001101
1101400
3103000
11100400
200014000
21101101
31
100220110
101110030
1041100
100002400
310021000
10021102
10021111
10103011
22010011
220101001
2000230
110010040
212000011
201400
10110013
210103000
21001210
100040002
10400200
110100103
200004010
100032100
1030102
21003010
11021020
10400101
100031002
121000030
200021002
110021011
12100111
4010011
302000110
110102011
11011
301021000
200120011
102001012
10102003
200121001
10003111
1210021
21200011
10001230
1032100
220000021
120220000
104100010
11100040
10000312
1210000
13010011
300220000
13021
21004
312001000
10110301
32002000
21031
110010004
100000411
1100221
1040020
130011100
110011
302020000
101120020
3030001
200301001
10420000
101311
110001202
2110000
1042000
101001112
203020000
200200030
11401000
12004
100101301
100033000
1000240
110002000
10020040
2110012
10321
111201010
1101022
10301020
111103
100011103
1000021
2000140
1101013
300210010
100110010
110000230
101020
10221010
10130200
2030020
11012200
30040000
2110030
102004
20012020
300200020
1101004
201000103
411001000
1000411
300000400
40102
2000212
30210010
30310000
220102
11003011
10202011
11111200
1210030
104001001
40100002
210040
1000231
121001101
400100101
100311010
10102102
20000302
211101010
10003210
1040002
201011110
110011201
202110010
103020010
310000201
100210102
211100002
10113010
100030111
200020111
201002020
100002010
100022110
10031200
110012110
110022100
100120120
103001101
12200011
100010200
10200112
103001011
10011121
100200301
11000011
20001022
1110400
11000131
100231
22021
101131000
101221000
201121000
11310001
101000023
14000110
200100001
210110020
102001201
201000100
220001020
210000001
110210020
4010101
2110102
104000101
30102001
320001100
100104001
11100112
101100112
10123000
100033
110121001
10002310
10011310
12001030
10012300
201100300
202001002
101103001
20100103
120310
2110120
110410000
111021100
211000201
210010120
210001201
31011010
12001102
220000201
310101100
11000203
320200
200100202
201000202
130100020
102030010
300000301
211010110
11020210
110020000
3121000
20101030
201200020
2102200
111020101
31110100
110020021
121102
120001120
30030010
10210021
400201000
10020031
11100211
10003021
200032000
1103101
100000102
10120300
100020031
11020300
300310000
310300000
220020010
200000401
200100400
200111200
1103110
21110200
201101200
130000003
10312000
110111020
110000014
30120001
1002310
30030100
31002100
120030100
10130011
400011100
22000021
20200111
20001310
132000100
1002130
200013100
100030120
20220010
210031
1221001
200220001
101023000
10213
100023100
230100100
100300012
10140100
20230
130110001
1000330
11001040
210000202
1101103
11211001
3002002
10111021
101230000
210011101
1010230
230011000
1000321
210102100
2110210
12010120
131010100
210101101
111010030
1000213
203002
10120
100103002
102100201
100001113
100040101
110030101
202001200
110040001
20022001
100031011
200021011
200031001
200230000
101140000
111001000
41010100
310110100
31120000
1000312
102200002
221200
100102003
300210001
110010130
10012012
301102000
100400110
1020400
200400010
1002301
101131
101100301
31010002
10013200
212011000
3111100
130011001
100041001
220010002
211100110
102010030
20010100
100131001
100140001
10000303
30000001
103101010
110002
111010
1230001
400010101
401000101
401010001
100122100
100012120
12010000
32101000
13210000
2110003
2120002
2020102
1000303
100400200
101300200
12200200
121030
100100401
1230010
3020002
101010130
200101210
100002022
1310200
110220001
102210100
300030100
11120002
130002010
200102110
21003001
100222
1402000
101310100
211011010
221010010
2110300
200002030
100032001
100110004
100201012
101122000
10000111
10101301
10102201
100002202
100201003
1000300
110000212
1030
400000120
1101031
1102030
31000000
10201102
22000102
102020020
11220010
201010210
112000030
121012000
10010020
101210020
110000020
10302001
21200101
221000011
131000020
201001120
1002400
312000100
300100000
12201010
20110012
110010301
40110001
110011300
11200111
311010001
300010111
2120200
20003101
400
401020000
21220
11001130
101020120
20023000
11120200
2301010
120012100
300021100
200010022
140001010
3010030
200001301
12110020
1011301
110010001
11001202
120000031
30021100
10310110
1010320
20210020
31021000
30130000
210112000
110100400
40210000
41110000
100000024
130012000
101013010
300011020
11113000
140010100
100111102
100220020
30000121
3002110
240010000
4110001
3010000
201120001
200100010
110102020
100023010
110013010
10020310
101012110
30011110
10211101
210002011
210101011
300120001
4111000
104011000
1010311
14100001
1102120
300002011
101002003
20110300
101010001
1012300
100030030
140010001
220000012
400010110
30002200
2200
22012
210101200
103000012
20201020
10021120
11002120
200031100
30013
1002211
100121011
100011031
1020220
110000140
12003001
112000102
300100003
2000104
22021000
23101000
21000121
22002100
1010302
102003100
3002020
210400
200400100
101100211
311110000
200320
20104
100000033
102000112
110000032
1110211
10231000
21021100
22210
1103011
1020211
210040000
13000201
120301
212000110
20000014
103120
200001013
202000300
300010000
102120010
200210011
20302
11022001
20400010
10020301
11010100
210020110
3010210
202111
10104010
1100140
101000212
10001023
200002210
10100311
310001011
1020202
31101100
31110010
11031010
401100100
340
201012001
200200021
12130
101311000
201301000
110310010
120130000
31000012
201002200
1103020
300002200
10013020
20300002
1020013
11010220
302100100
1000042
120120001
300200011
12011011
30120100
210001000
11101102
301100200
304
111301
304000000
100110301
30004
10041001
10001302
11101030
300101020
30210100
42000001
20100022
3001120
111011002
222100000
2031100
3010120
120021001
32000011
102130000
32000020
200011003
202100020
120101110
400001101
100020220
30010102
30202
10000402
32200000
300110020
301010020
210100210
111100030
212000101
111120001
232
40002010
40102000
20000221
11121010
110000011
3002200
240001
240100000
2301100
2001400
41000101
40111000
120110011
20101
40100110
10001110
11401
101130100
210001003
300010102
2013010
103100002
100112110
220210
11410
101410
1020310
21002200
3010102
30000022
300000112
104010001
210010300
211300
200101003
2010400
200122000
23002
100001131
102201001
301001101
1310110
101010220
114100000
20100310
201110002
201200002
13101100
110202010
101000302
4000
110041000
101302
21201001
100001110
140000110
4300
300001000
104110000
1310101
111110020
2013001
100022011
21020200
21030100
1014001
1401100
1030210
101400100
40300000
100030201
101401000
100102000
120030001
10021030
100021030
4003000
112100200
13
110100112
30001000
202200001
2110111
11002210
3310000
1020301
120031
200000032
112000012
300100012
120100021
122000011
121100101
3010300
21102001
200004001
110120101
411000100
200101000
102111001
111200101
201200101
220300000
110301010
11002102
10004002
110004001
111100300
101101111
11110000
30000112
40012
100000231
20121001
110212000
130201000
20013010
10030102
1030201
100210
11030002
200002
101022100
201211
10023010
120010030
10001122
110001112
100100014
111310
112101001
10114
1111300
20001013
10212100
311100010
10101103
200130100
20201002
122001001
21010030
10101031
10121110
10330000
100240000
112000000
100201000
200030200
20021200
223000000
12121000
140000011
140100001
210030010
101002
202012
101100031
10113100
110110120
3201100
131000101
100010131
110104000
101203
100140100
101220001
1030030
11020030
110103001
100014100
241000000
23200000
111000100
100310020
2210011
100200040
201040000
100204
14110000
100111021
100221001
300200002
11011111
201110020
101111020
41002000
10002022
300004000
310001200
111040000
120000220
120040000
2001310
121030000
2002201
200001310
300001201
122100001
110230
30101200
300210100
131001010
204001
20010211
110002120
211101001
102011101
10300012
201011101
100000213
202110001
100000021
110000410
20302000
122011000
122011
3011002
30300001
201002011
10204
11102110
20002102
120001102
400101100
3112000
14110
401011
100101103
111012010
110401
120200020
11003020
230020000
200020003
100031020
11100220
201022000
200030020
11100010
210001120
210013000
101121100
101002000
210100120
210101020
103000201
1030300
20122000
10010200
200040100
22100011
121011100
100003030
2220001
100320001
3000004
1111120
100210021
101101120
100121200
100011220
403000
420001000
211120
120002011
112000
124
100100002
303000100
111100003
20002300
31000021
1040200
130010020
102012010
2210101
21013
100020013
110020300
310003000
12000301
101031001
1300012
130001110
103300000
112110001
112210000
130100002
10010104
102000301
201310
201100201
100003300
201200011
31200100
10030111
11200030
200020000
11201101
100031101
200100103
120022
100
102300100
1024
120011200
10211002
10022101
122001010
103030000
3201010
212110000
120210001
3121
220020001
200112010
11003101
12020101
12000013
101000401
301002100
210100012
13100101
12111001
22101001
210201010
2001220
202010020
22111000
121001110
101100040
310001020
31001011
100013011
100201
22000003
101012002
201201001
31101010
20102101
110140000
11210200
200140000
10010320
1310020
310100011
110010211
102010300
110102002
1120021
4101001
210010012
210010102
210010111
310011001
22101100
400011001
110001031
100100221
311100001
202020010
101101000
20014000
201010
212001001
200210002
202003
30020011
12031
2001202
100130101
10002031
302001100
11110111
102004000
301210000
21120100
400000021
11200021
1310002
1231000
100100140
110101120
103111
111112000
111101200
121110100
10204000
200200012
21000040
210211000
12040000
3022
102111010
122100010
22000012
130010101
111200200
110000200
30112
2002300
101021110
300010030
2101003
112020001
101011021
110003002
1001101
13021000
110100031
211100101
31030000
410200
201013
31000
10110004
2010013
220111000
200020
1111201
113000200
2101021
102100003
12100102
14002000
33000010
121020001
210100300
102400
20111002
11040010
101111110
121100110
10003102
141000100
200140
100022200
2020201
101001121
400120000
10400020
20020000
2010004
40000003
130000021
230000110
10003030
3100021
110200102
3003001
401010010
112010020
1113100
101102101
4100110
40101100
101020201
101020000
102001111
110101012
101100103
200311000
12010102
120020101
201100030
20210110
102002200
101001040
200023
200000410
100200220
101021011
121010011
100410010
22200100
3040
21100000
10301011
201010201
101002012
210002110
20002210
2001103
10033000
103001020
31012000
103101100
230010100
201001111
2113000
320000002
30010021
10111111
23011000
130010002
100420
1013020
102101200
20012002
311010100
10040011
120300001
201201010
110203
2002012
201021100
102010
11302
120010111
30000202
300000103
100100203
100100011
210012100
2101111
10202002
131101000
211102000
301200001
201020200
201004
10100410
2001121
300013
101110021
10010041
1131100
20110030
10210003
202021000
2021200
3103
1002220
11020120
300001120
100002130
320020000
200021020
31010011
22011001
21030001
110211100
130012
100010320
12200002
31010020
132001
103021000
10011112
321000001
121000021
20001004
1203100
100103020
1000
20112010
10003201
11000122
301000300
2311000
411010
30200200
121020010
20001100
110100202
10400002
303001
2001112
220000003
403
111130
131200000
202000
110101000
2112100
200014
130101100
31100011
100102
120202
24000010
120030010
2102002
100000402
111300010
11121100
12001021
12021100
210120010
101120011
401000020
2001100
100021120
1112020
10112110
34000000
32010001
101001103
103102
210200110
3111010
100021111
104011
2103100
200101120
12001120
30001111
11020201
203011
211003000
100230100
100101100
102040
130210
20101012
10301200
11022010
110100310
202000120
32010100
2400001
301030000
321000100
10210012
100312000
11000041
11100202
100202020
112001020
42000010
130200100
21101200
210210100
400000030
20032
11100130
400030000
201100120
301000120
22110001
410000101
12010300
3101011
120020020
120013
101003020
20010004
133000
11040100
24010000
401110
2121100
100020022
111001120
32000110
401110000
11001031
401010100
110300110
201101011
21211
21011020
21300001
202021
11001001
10000030
201002002
10111012
100301002
123010000
4030000
3110101
100120111
100302010
4210000
2001040
33100
2100100
301100101
13010110
110121010
20002012
10103002
2101
21100300
100200100
102013
101021020
141010000
202100011
101000014
110200021
100001041
203010010
132010
101140
10030201
310120000
110210011
200310001
230001001
230110000
103100011
20300101
2001031
1141
10111102
110103100
20320000
411001
201031
221002000
10012003
401101
41002
400002100
310
103001200
100110121
100220101
40120000
103011010
210001210
210011200
14011
30130
10110220
110112100
22003
122010100
230110
110201110
10301110
130100011
102030001
1012030
20010130
41200000
30000031
100300120
20102020
2001010
111004000
30012100
1100041
220011010
10000222
120001111
131000110
101000200
20030101
110001220
10120210
301300000
2131
3220000
1112101
201000211
2021101
140000101
101010010
100120003
400021
22201
102000010
200320000
102011110
100131100
100100302
20000011
1112110
110111011
20200030
301001110
42100000
112012000
40100011
2001004
102301
10000102
3001102
21301000
40111
11220001
211030000
130001101
10040200
21020011
22001011
222001000
21011101
122000110
202101001
2010112
2100010
101011210
230001010
402010
101100013
10203010
301010101
21022
12201001
311000110
110100220
1040011
102100000
11200102
100110220
113011000
30100300
20221000
34000
120301000
111000031
211002100
200011030
201022
32001010
1410010
10110103
1010410
1203010
100204000
203010001
13300
300110101
11001121
101040001
20210011
122002000
102021100
40010020
240000100
41110
11311000
400030
30100111
31010200
110120200
100030003
301010011
20210002
12002200
101100100
1310011
31111000
301011001
20011120
11212000
3001030
10110100
22010110
121101010
102011011
200000020
11000002
10203100
104002
102010021
101000311
101021200
101001211
203101
11021200
221000002
111022
1203001
3200200
40101001
1022101
1023001
10100110
14000020
20011201
103210
200100220
101000002
2201200
3001000
100120000
13000000
120310000
11000410
12300010
31000210
121010200
13100020
101010121
201110011
1023010
10211020
21001120
30110101
102112000
100100200
130002001
12112000
1102210
3001012
2021011
101201200
1211200
41200
201220000
1102201
101102020
111102010
1410100
21000103
3031
210003001
231010000
102022000
101110210
330000100
11020021
10120021
11100301
20000140
12010210
102000040
3100030
113110
102020011
111111100
211000300
311200000
4020100
10100011
101210011
210000310
210120001
121000210
140020000
11203
201001102
110003011
10111120
121002010
10140001
11100310
22010020
2302
102001000
23010100
12000400
300000220
410011
110120011
101000140
10001014
1001401
10100302
101020111
100000132
22010200
10021021
211201000
10020013
200010004
221001100
3120100
1300
3001210
204010
11010310
10031101
120000022
110111200
3021001
1302100
10013011
301201000
21200200
4020010
100021300
110040010
12102001
10300003
101120200
101013001
10120012
100110001
12011002
220010110
10311100
12000004
110221
400000300
23010001
132100000
20100004
21001000
111210100
101020021
20211010
130000210
110300002
320010001
110001100
21100111
130
22100020
110112001
11011102
121002001
11023000
1100311
300010201
111020002
421000000
203020
301020010
300001111
1102000
120001
111013
1100320
200112001
20310010
200041
103000003
1120120
30200011
112
120011002
311000101
2021002
100121002
100011022
112101010
110000131
20011030
210100030
200111101
111400000
10001101
21002110
21001111
201101110
200102011
30400
1112002
111200020
11210020
10000204
2010310
200200000
102220
22111
102000103
131010001
121102000
100120300
131100100
111002110
20001211
1112011
302110000
201000013
310012
301012000
410020
202020001
102000022
400120
23000110
102120001
10001221
401000011
201001021
200120200
1100131
101000011
11201110
411000001
42001000
20200300
10200202
101000203
21400000
100101040
102031
4012000
320100100
2041000
202100110
21201010
100212100
200010130
10141
100102120
111001021
400100011
200221000
110310001
11300110
23200
20020
101112001
20100100
1120210
1100113
110113000
1100110
30111100
300012001
2004010
11002201
200200003
310101001
10200130
210201001
1100122
111101110
400300
14101000
101212000
311101000
31210000
120001300
10220110
130100200
30001030
10200010
13120000
100120012
1211101
311000011
3022000
210200011
3001300
112200010
2201020
100213000
41101
202100002
120101101
21110101
100020211
11121001
1211110
11130010
220000120
30010300
200111110
401011000
111100021
230000101
4000201
30010012
3210010
11101021
400300000
2320000
110000002
430000
101030002
101001100
13120
203000101
21010012
10101022
10121101
200301100
100201120
104010010
201100021
111200110
102001030
400010020
4102000
203000020
100112101
12004000
410100001
20200012
100200130
300102010
1003
300110200
3200110
10112011
210002101
103000030
201003001
4210
120010300
300201001
100102102
13011010
132001000
10010023
111010210
20113000
14200
11210110
13001200
21010300
110202001
2012200
103010110
410002
200032
20300020
10141000
1240
10002013
120004
410200000
40000000
10310020
10220020
111110011
22100101
1132000
11011030
300001003
2300011
10310101
301120000
11030200
110031100
100030000
14200000
101104000
204100
114100
1400020
320010010
100000141
100300030
102002020
211110100
12103000
110010310
10101310
11102101
200000014
2230
102010210
120100012
2201110
31002001
101022001
10042000
10022020
400111
100101031
2001022
300121
12012010
120111100
10111300
110301001
240000001
31002010
2001013
10312
141100000
410010010
121300000
30021001
20010001
21010
10210300
110212
102002002
102001003
101002120
221001010
412000
10140010
1303000
120202000
22012000
210001
101010310
101230
200010001
1100203
103120000
1100200
20030020
120201100
103020100
13111
1120300
100210210
310010020
12000220
4010200
1010200
401000002
2131000
120300100
11111011
102022
12300100
41101000
200110201
301111000
210200101
310210
11000230
102020200
112300000
2210200
101202010
110110111
10300210
3120010
33001000
200101111
2200030
32020000
101210200
3200002
102310
21000310
12000100
1001311
110003200
1100212
20011012
100310011
100200031
203200000
101000110
10030030
100111012
200011
22000210
204000010
320000020
111300100
4100002
211000
140001001
110013100
10021012
120000211
101112010
101020300
3102100
10030300
11300101
104000002
3200020
110002111
102101020
20003002
131001001
2200201
101030101
1201
1111210
103010020
300211000
310100020
100000204
100203100
10201210
201000220
13002100
300002020
100111210
200220100
200000140
10100023
100213
10102210
10211011
200211010
110102200
20400100
12101002
1100002
133000000
310110010
120011011
120200011
111101020
10112020
300100210
20101300
30011011
10111
111001
100101310
100202110
12020020
302002000
11011300
30100000
100030012
1100011
1201021
100200103
100002100
301200010
11110120
100041010
1120
20200
103000000
221110
20201101
100210012
1120111
21000022
100011211
100113010
2022100
3110020
120002002
200310100
2100001
1100014
12030100
10230001
110012101
3301
142000000
310210000
102012001
21021001
11104
14010010
113001010
2001301
4110100
1123000
200300200
102000100
22002001
100013110
1100023
20000203
1003030
201103
210310000
30000400
303000010
20200102
1211011
2104000
1100032
41000011
11004100
12120100
3010003
10011031
10122100
211020001
110032
100301200
12100021
420000100
122101
1211020
10400011
11012110
101012101
113101
10011040
20020030
100301110
12040
100111
1003210
30201001
31101001
1010221
1222000
410101
100130200
101101003
202010002
100140010
303100000
20004010
14000101
4010110
100013002
301201
1213000
11010004
200102002
1141000
101000020
1031002
10023100
101221
20023
1211002
11002030
300001012
32010010
23002000
10120102
30002101
10301002
100310101
2010130
140002
10100131
400020001
101001301
202000021
110001022
10300021
30010003
1003021
100020400
2112010
10110211
102202
112011100
221000110
102000001
1011031
2100103
40100200
2400010
2011012
121111000
10201012
101031100
20000410
110211010
110101111
100100131
40201000
200210101
211012
113100010
201210001
300012100
100104100
1003012
111100210
2011003
31020100
11000401
2010121
11310010
201310000
3102001
32001100
10210120
10302100
101002210
13200100
2010100
1003000
101011012
212110
200000011
100420000
110100022
20011300
112100110
1120201
2221
120102001
10011103
201120100
2020
200100112
303100
11030020
20021101
12001300
110011012
141001
201111010
100110130
122101000
200100211
101111101
410110
11000113
1003003
2120020
1033000
10120030
10110130
200212
21100210
210022
102110110
311001100
301100002
100300102
130000012
1100104
121021000
3111001
11111110
101211100
10201300
420010
301010002
10031110
10042
1100101
111110200
300100201
220001011
11020000
12001012
100000330
21010210
301000030
201100012
21110002
310030
101001031
300120100
40300
13000
101021002
121010002
100410001
313000000
103110100
100211200
100300021
140100100
100022002
100101220
223
2100211
210000301
21110020
4100200
300202000
110200
201011200
2211010
211210000
110121100
20212000
2000011
111201001
200210110
121300
2130010
1140100
400010011
30100030
101000221
101100121
110020
101031010
11101003
10201003
110210200
120010102
11100121
12121
300100
130021
201012100
4200010
12101200
303000001
30000301
200200120
1001104
1012102
32200
101110012
201003010
211003
113200000
10200220
21002101
22011100
111000013
2400100
2200000
130102000
1113001
10230010
10000021
140200000
10111003
11410000
111310000
110101003
1120000
10200004
100010311
100012030
12400000
20202010
122200000
120002200
13010101
121000012
2010040
400001011
100103011
301100110
13002010
142
101212
2002003
3101101
100103200
100111201
1013011
23001100
21210010
30101101
30110011
10020004
140000002
22020100
220201
40000030
102001120
100230010
300003001
2100301
111102001
2010031
23020000
210013
120000400
2030110
400000012
10401010
420001
2011210
220021000
210021100
24001000
101120002
2002102
300002110
110002300
100000201
12010201
2010001
4021
1013002
100110202
11032000
204100000
100021102
11100001
200101
141010
20012110
20010112
121200100
30000013
10101040
200101102
100103101
12010030
102201010
20102002
11301010
10000213
2010010
1011130
210110011
111002200
320011000
30200101
212200000
2200102
3300001
100003210
10302010
112001011
31001200
10000141
11001400
120200200
100020301
212020
100210201
1102021
10120120
123000001
31010110
