0
3
100100001
120201000
103020000
111120
111003000
21111
11400
101110011
10000101
120300000
301000020
310100010
201011010
21020001
203000010
10020120
100002120
102020100
20201010
100010310
101210100
4100010
12201000
10012110
100010022
121000011
110003100
100103010
3000012
211010010
100111200
400010001
310000002
201000000
10000401
3000030
102000
111102000
12110010
3000021
30100101
30030
300003000
120000111
10104000
101120001
100000200
20022
211000101
212010
3000003
200000004
3000000
200021001
100023
110102100
12021
10020300
111300000
101101020
30011010
21201
22101
11101200
1023000
13000011
112001010
3000201
221001000
2030001
2000400
120102
1000140
1102002
21000021
211020
10100001
2030010
100011111
110012001
101211
3020010
110000220
300002100
110300100
21021000
10120020
20000130
102000000
22002000
1011
102003
100120101
1104000
11002020
3020001
10112010
112011000
20000010
210102000
1000131
10140000
11300001
2012001
132000000
11010102
100001031
10001001
130011
4001010
10100301
110210001
210030
4001001
1102020
202101
31101000
1140000
2012010
10410000
1200102
3030000
20040000
10013010
3000111
100110111
103011000
1000113
12102000
1000110
3000102
320000001
12011001
200000130
123000000
211100010
11030001
200211000
101200020
20211000
312
3000120
10120200
110001210
1000104
131000100
201111
310100001
100020300
200201010
100020012
20310000
102011100
100100031
210300000
310011000
110111001
4011000
300020010
111100110
100104000
10021200
21001101
131100
10001112
101003010
1200111
3000300
300001200
122000100
112110000
101011200
231000000
20001201
110100210
20021100
1200120
1002210
3020100
23000100
111000021
1400010
111010011
110011200
100014
121100001
130000200
10200201
204
1400001
101211000
20100210
103110000
100410
31011
1010130
110010111
1010121
120100101
100000230
11002200
121020
140010000
201102
2400
10001400
4110
100101120
2000301
100211100
30001020
10200021
11130
2200011
202000011
1000212
100012101
200020101
2200002
11110002
200011011
1010112
4002
102110100
21300
101010111
2200020
110200011
310010100
10220001
200031000
1001130
14001
30000300
3300
101102010
21010002
10101021
10121100
21002100
200112
1000203
1010103
1200201
200000001
102000030
111111
100002021
300000300
212010000
101210001
100010211
121000200
212000010
10010010
202000200
10010022
100310100
200100201
100200120
32001
11011101
102120
100111101
10002000
200002110
200130
101020101
20300010
32100
1010100
132
121200000
10122
2200110
1101
120000012
2200101
110002200
130002
100011
201100002
110040000
1110102
11102100
100021002
10300002
1220100
20010111
30000012
40001100
10101201
1110111
120200100
20102001
300020001
41001000
1200000
111002100
1110120
10010310
1200003
100003110
12201
2000220
13200000
301011000
310001010
100210101
20030010
114
100011012
112101000
1200012
110000121
1020120
21011010
1003200
1010211
10002120
22000200
11202000
203100
100401
400110000
10030101
210300
20010
200121
1001220
12000111
2200200
1000023
321000000
1011120
31200000
113000010
1010202
1200030
102
140000010
12000003
111001011
100102110
1000014
210100011
100110300
310020000
110201001
1000020
1001211
1011111
202110
1202001
111101100
10201101
1200021
20103000
120001002
1202010
30011001
21120000
1001202
112200000
330
11111010
11100
100020201
101300010
1200
10110102
41010
1000011
111100011
100100220
200010111
300300000
12100200
13110
301010100
10110030
110101200
10221000
11000004
210100200
200001021
2000130
104010000
301002
111200100
200030100
122000001
1000002
101301000
400000002
10130010
110100111
2103000
1110210
220002
100002
400100010
111000210
111010200
10102020
121011
102001020
2121
103010100
310000110
10400010
220000101
130000101
40000011
200010300
111110001
210000030
1001040
2020200
3100020
2000103
1030110
110040
200001210
20004000
4101
10031001
301000002
102002010
201011001
300010020
101001120
100004100
1041
100300110
120100002
32010000
21100020
3100002
210010020
100101021
40020000
2111010
102110001
1001031
100012002
10110210
211010001
1011210
101002110
1011201
110200200
12200100
20000400
2002200
10011210
1021110
21001020
1111002
1001022
3110001
11000400
101400000
302010
112020
40100100
1010013
1111011
20001120
213000000
1202100
201002100
1010010
11012001
110110101
10011102
1220010
100010112
111002001
100103100
202000002
40020
121000101
302000010
110301
100310001
11000112
200100003
100111002
200121000
200011002
1021101
11310
120000201
411
1111020
110002101
102101010
100131
200111010
12001011
11031
114000
1001013
100000002
1001010
11000220
201201000
20120100
1001001
30001011
201200100
21110010
2020101
10210110
21101100
120210
1001004
200003001
10210002
200100000
112001100
2000004
100041000
10202100
11100120
100210002
100011201
121002
400100001
11100300
111001200
110000310
2000013
1001121
32000010
400010100
10111110
310000101
113001000
10000020
11001003
10111002
10000032
211100001
10302
2002101
20002200
10103100
13010100
1001112
10023
20013
141000000
141
12010101
1003101
200201001
100001121
10020003
20300001
100301100
320001000
20101200
210020001
1002030
102200010
1020003
100030020
1011021
100110201
200000310
1001103
33
1012200
1031100
30012000
20010102
111101001
300000030
101200110
11100012
10000320
10000200
1000041
10000212
201001011
10032000
110001300
102003000
1011012
20010030
1111110
10000140
1001100
220011
11200020
201021000
110101101
100100121
3003000
31010100
1011000
113100000
202101000
221001
300000
201020100
210100002
302000001
10211010
211000020
111200001
100002210
10020111
101011002
1011003
101003100
110100012
20110110
112100100
10101
11013000
3100200
222000
200400
2020002
4000110
2040
110011002
111000111
111010101
103010001
2020011
320000100
30100011
130000002
200120100
11001111
10040010
112010001
100000320
101310
310100100
101001021
100000032
13110000
210200010
210210000
12002010
100004001
20011101
102010101
210102
300003
200101020
2002002
212000001
1000410
10100112
1021020
102102000
13011
13000002
101002011
1000401
2310000
12300000
10100040
200002101
101010201
4000020
10100100
4000011
21000003
20031000
10100004
31000110
1010040
101110002
21012000
13011000
1004100
1002111
10120011
100002111
12010200
102000120
13000110
100010301
10001040
310002
110110002
11002011
30021
100010013
121000002
22010100
4000002
100103001
312000000
1010031
1002102
30120
11010021
2300100
312000
10100400
10001004
3011001
101000220
20020011
10021011
130110
23010000
300000021
300021000
12011100
2003010
103020
200200101
110002002
11200200
11010201
1010022
300
2040000
210011100
30002010
301101000
40011
301011
310011
10100220
11101011
20100000
102201000
11211
101101011
2003001
1101300
30010200
100202001
112001001
100113
10200000
40001001
114000000
101201100
21001011
2022000
100011102
10001211
20004
10001103
110000211
103100010
220101000
30210
211110000
20202
212100
1020
301020
1113000
1031010
200020020
100001310
211002000
113000100
140100
201000300
310020
100001022
20021010
100301001
100102200
200103000
12111000
23010
300020100
10203
1001400
101100210
300102
30001002
211110
302100000
20100120
202011000
1020030
31110
301100100
222
1022010
2013
101200011
21102
10200012
21110001
1210110
110001201
1003110
30000210
200100120
11130000
20200200
10220100
42000000
100020003
23000010
1012101
400001001
101300100
100100310
13001010
20001
100100022
110101002
21002010
10101120
111100101
110030010
112000200
100201200
10101000
10101012
32000001
100110
100040100
1022001
300111
111210
300000012
41000100
210010011
210000210
21010200
110100201
10010001
112100001
10010013
301001001
201001002
2211000
200130000
42000
111000012
10200300
2010300
10002111
10002003
201110100
112002
101040000
30101010
11011020
201101010
10300101
4000200
310002000
211200000
301110
110010102
100104
12003
130101
100300200
220010010
10101300
2211
211101
3111
11031000
210010200
411000000
12012000
20400000
10014000
11011200
10010301
20010021
101010102
101002200
400000101
10201020
10010121
220100100
11110101
10002
101102001
1300020
200111001
12000210
1022100
1101201
210111
102000021
20110101
100002012
21000210
1101210
20130000
10030200
10300200
22000110
100010202
100010010
123
12000102
10320
100200111
301000101
101000121
103101000
13100010
30100002
1032000
310001100
200010030
211001100
2010210
110020020
120000003
102101100
212100000
20301000
200102100
10201200
101031
111
12000030
104000010
40010010
400101000
110031000
101101200
121110
11111001
12120
101030010
1121100
101201001
230000001
311001
40002
11210001
31000101
30210000
110000112
100011003
1311
200301000
110000400
4011
200000301
2102001
20111100
10110021
103200000
1101012
10130001
1023
102100011
20000031
1001310
10011021
240000000
100001211
113000001
201000102
20020002
201201
10400001
2011200
301002000
111001002
100102101
10301100
21000
101100111
211000011
100110003
11112
11012100
1210011
10003011
21100002
2110011
110120010
101200200
2110020
400100100
110010
10110201
130010010
1040010
20120010
200211
302001000
1001301
101300001
111100002
20012100
100100211
21001002
1000230
30200010
100230
200001003
20000310
200022000
211000200
100002300
210200001
112000101
200021100
10011201
1040001
311010
110100102
110130000
200101011
11000031
100010040
200012010
110021010
111000201
20001030
101022
1410
11000103
12001110
202001010
20021001
2110101
320010
210000012
230001
32001000
2110110
110010003
10031100
12300
200001000
12001002
1101102
102002001
101001111
200220000
200000040
100300101
100101300
31020000
200202
210010002
100101012
1101111
11020110
30000201
10210101
302000100
1101120
210001101
311010000
103002
101010003
2011110
23000001
11100111
300000003
103000110
110001
21002001
104001000
110022000
1121001
14100
10111101
10000011
102000210
300001020
20040
200300100
2011101
103001100
201010020
1000320
100010103
41001
100031010
100200012
101000022
20002110
102001200
30101001
101000310
10131000
3002010
301101
131010
10401000
102101001
120000000
121101
300011010
1002300
10012020
130011000
2130
31010010
20010300
11100003
10004010
10000311
10310010
300120
11120010
10000203
1200210
200020011
1230000
101101101
1000302
10302000
1010220
20010012
302100
100020030
1041000
11200011
200040000
30020100
23001000
20130
311100
110000013
101013
31001100
103100100
100011000
110000301
10020210
10211001
300010110
10000131
20103
200000103
22020000
21000201
10012200
300000120
201120000
22000101
202000110
20301
200020200
200100111
100001400
10020102
111030000
102100200
2011011
2011020
200002020
11001102
21030
2301000
11001210
102200001
101100012
120020010
3010020
11021001
20210100
201210
400002000
100110000
200000100
1200300
12002001
3010002
4110000
101200101
110130
3002100
110001003
32100000
200210010
2103
20011011
1101003
100100400
3010011
120010020
10113
110220000
100100112
10100103
201101001
201012000
200200020
200220
220001100
100032000
10100031
10120110
110030100
211000002
112000002
100201002
10112100
1103001
1032
110100003
13000101
40011000
1103010
311000010
101010
203001000
112110
400011
41000001
111000102
300011001
301200
11010012
330000
1010301
300200010
410010000
10021002
10001031
3010200
10013100
321000
110010000
120000030
210000201
402000
100000311
31000020
401010
1103100
100000203
100031001
101001012
3021000
100000023
200120001
230010
1040100
100131000
131001
1020201
10311
220002000
101001300
100300002
100030101
211011000
11101002
300210000
101400
10100211
1020012
200001201
20100030
100040001
102030
10022010
14000010
30001200
1002201
400002
100130100
100020111
100020120
20120001
101002002
300010101
101010000
30010110
110010300
10200003
110121
112000011
40101000
220000020
100011030
2000100
103000011
30010002
200010021
11001120
2000022
300110001
400000110
100121010
220101
200100012
30200001
30111
300210
110020110
20000301
300120000
240
10003020
10011030
200030010
21200100
330000000
2000310
1201101
10001130
400101
4010100
12110100
210012000
102000111
100140000
103001001
3010101
200004000
10230
101101110
4100001
104100000
100230000
100010004
100120020
2301
2100
20001021
10001100
1102110
11002110
210110100
31100100
40110000
100002201
400000200
3201
121101000
10021110
120030
1000221
300110010
101000211
1020000
1000101
13101
102001101
112101
30102000
2013000
200011200
103010010
200010210
100000221
301000110
100010400
1110300
200001120
111011100
1013001
40000002
140000001
100002102
20100102
100220010
110102001
112002000
1020300
100031100
111021000
120120000
10120101
10002300
1400100
111001110
22101000
1101021
30003
41010000
20001000
10200111
104000100
210100020
2000040
102001110
202001100
12111
100011300
1002003
120001020
1002012
101101002
2000112
321
120021000
21100011
30000120
300001110
20201001
11110020
210021000
100022100
11400000
100001220
22200000
1220001
300001011
101001
1030200
14001000
101030100
100400100
220000200
11010210
30101100
311000001
112000110
13001001
30300
11010300
311000100
10100310
10011111
120030000
10101111
111100200
120110010
20200110
201100101
10101003
201011100
2201001
202110000
11003001
301001100
300200001
21010110
300111000
100201020
100110012
201002010
203000100
20111001
210111000
1401000
100023000
110012100
100300011
22200
101201010
4010001
10010004
13020000
11030100
122001000
200020002
202200000
2001300
100001301
24000
2210010
10002102
100401000
31101
410001
102100101
211010100
20002101
120000300
30000000
23100
30110010
100001013
20022000
30120000
10002030
100022010
31200
110003001
100212
310101
100302
11102010
10113000
110010030
1104
131010000
2102010
201000111
1014000
111020010
10300020
101100201
3001002
110110200
120300
211001001
31010001
310001001
400001100
130200
20100111
1300002
1201200
120100020
10022001
310110
120010002
120020001
111110100
1230
101200002
14100000
2031
1030002
201200010
100122000
110001000
12100020
112100010
120010101
20110200
130010100
200010
10030110
1140
20010003
2001
12030000
11301
101010030
202001001
300300
100030002
120100200
221100000
220020000
100100301
100202100
10010220
300000111
210000003
100100013
201100200
21003000
10201011
10401
11022
30200100
100030011
30000102
110030001
22001100
110310000
10002210
21011001
23100000
110112
111201000
110000022
20000112
2210100
3030
100301010
21201000
200000031
101001102
110100000
120
101130
101012001
11011011
10010100
21020100
140100000
100010130
10010112
40200
14000001
130001001
10020201
21010011
200003100
110011011
100010121
20200011
212001000
100200
111000003
12000201
3201000
10200
121001001
100111020
100221000
20003100
101020020
111300
402
13100001
120012000
121010001
211001010
201001020
400001010
210000000
210001011
30100200
111102
1201011
21210000
1030011
101004
311100000
100013100
201010110
10001310
11220000
10010400
110002011
3102000
200000202
101010210
100000212
101013000
100000020
111010002
101000001
110300010
101001201
300001002
200000220
211100100
1300200
12000021
202002
103110
1110012
1012011
100200102
201010011
100101102
110110011
200202000
1201020
10014
200100021
200110011
110400000
1310010
11111100
201000120
211000110
2001201
20011002
1110003
20003001
101102100
12020001
103000200
100021020
200201100
110004
22000011
300100011
11202
100400001
1310001
10110120
21100110
300201
21000000
2001210
210020100
110000040
220010001
30
10020
120002010
10122000
310200000
201020010
201012
100003020
1310100
21000120
401001
400000011
410000001
22010001
2120001
100302000
100001004
30000003
310200
102000012
10041000
21001200
201020001
2100030
201010200
10110000
2101020
102000300
2001012
300101010
10400100
1111200
221000001
20000013
201001110
12100110
100201011
20111010
100112001
120111000
12100002
100200030
311001000
10102002
100310010
410000010
101000112
21200001
110101110
110111100
120210000
12000
110101011
210101001
120100011
10110012
11210100
101000400
200010012
140001000
303000
200022
1120002
121200
4000101
10011000
2220000
10011012
31000011
100202010
14010
100013010
12102
1131
122001
102001011
3021
101020002
4200
2002110
1302000
231
10003002
100400010
200110020
30002100
301100010
104000001
300000102
10110300
11000310
100110210
1020111
120200001
11020020
110001030
202000101
110211000
20202000
300100110
100203000
3102
201003
1201002
210001002
13020
200011101
110013
101121
10011300
130020000
21100200
20000040
20031
220000002
1110000
10410
120101010
30000030
2220
200002011
101210010
3120
10202010
20000220
10301001
100011210
10211100
100120002
1210020
2001120
30201
110000103
10131
101000004
1110201
111000120
101130000
1100301
132000
20020200
111111000
100112010
101011020
101010120
10102011
110310
110100030
4101000
20220
100122
2004
300000201
201110001
2201010
100100040
12200010
200100030
2121000
2001111
212000100
110011020
13002
1221000
121020000
11000130
3120000
200210001
210001020
200013
100001202
11310000
1110021
420000000
111011001
103101
102110010
1203
121000110
110022
200002200
10200102
130000020
1010310
100101111
12210
1110030
10210200
11301000
301000200
200200011
102020010
120110100
112010010
100130010
110010120
30010101
121010100
101100102
120020100
23001
221010000
10102200
210011010
300100002
31011000
3000210
210210
12001101
101021010
121010010
11000202
110400
10002012
210002001
20121
21102000
2101200
11201001
22011
12021000
120012
22010010
12020100
20101020
112010100
112000020
1113
111030
11110200
30030000
10210020
130010001
11040000
11100210
20121000
100201110
101310000
113010000
1201110
10010202
110020011
110011101
201000021
110020101
110000130
120010110
42
101103000
100100202
100100010
200200200
401010000
110100
100210200
300012000
202020
110001021
20000121
100211010
100203
101021001
101110020
10230000
20001300
201010101
110201010
120001101
220001001
20220000
11001021
10000014
21010101
120003000
110103000
100101210
2202000
2202
110110020
21021
13010010
3110100
31002
220200
1020021
11211000
1210200
10111020
110103
20030100
110021001
201
200310
20002020
100014000
20310
111000000
40000020
102001002
10010040
11000040
10000002
4020
201000210
100000101
140000100
100101000
102111
200301
10020021
301100001
411000
2001030
12101100
401100
100003002
120000210
11021010
11001030
101001030
100022001
100000401
101112
300100101
120000120
10012011
210100101
101120010
100300020
10041
12101001
200030001
103002000
11100102
41000010
100000113
41100000
200000022
220000011
100021110
10004001
10310001
30000111
2031000
130100001
10000302
201102000
100101003
100210110
100220100
11100030
200011110
10010130
12020010
12010011
102300
221000010
3010110
10111200
230010000
111020100
100020021
103100001
400020
202011
1100220
2021100
110100120
1112100
2001102
231000
300000000
110013000
40001010
110031
101112000
22020
11120001
103000101
111021
200010201
40101
320100
20201100
10040001
200001111
100011120
1110
110012010
300011100
100110120
10011120
11200002
221000100
2001000
100001040
10000122
100100004
10000113
100102002
201003000
102000201
11100000
100001112
100000041
100002000
202100010
201030000
211200
130001010
204000
201021
201010002
301200000
3001110
1130010
400200000
110102010
11200101
1002
30001110
2003100
200210100
20110002
1130001
100200003
30300000
11200110
101000013
10040100
101012010
120200010
20101101
20010210
1130100
201110010
110210010
101000301
10000410
310000200
111100020
210000120
230001000
2101110
11101110
200001300
40010100
2300010
11021100
11001201
21101001
420
20210010
2300001
31001010
121001010
1410000
210003000
2011002
300002010
300030
300010200
2110200
11110110
11120100
24
200031
1203000
201002001
200101101
200101200
130100010
102030000
4020000
210010110
100001001
10000110
111110010
12002100
3001011
10100130
10101030
1300101
300001101
101020200
120001110
100002003
300201000
121100010
30020010
120000102
122010000
102201
102210
11010000
112020000
101022000
100021101
100130001
14010000
120021
200012001
3001020
111001020
121000020
110000001
2101002
110101020
2021010
110111010
110000004
102100002
121110000
220100010
2100000
12003000
110000100
12101010
10200120
13000020
11020101
10100010
210201
10100022
110001111
20000100
1301100
21100101
11040
211020000
2112000
10104
100000104
10000023
1021002
120011100
1012020
10320000
2010
110020200
200400000
20102100
13000200
201200001
110010210
21120
100003101
21
201100011
101111010
100020102
3001200
111000030
11022000
111010020
3000
100120110
100121100
11010003
301001010
100001103
2021001
320001
10001022
120003
200112000
121011000
101000100
200002002
31110000
10001301
101020110
2001021
101121000
2100021
210201000
1000311
202010010
101100003
2000001
31000002
200111100
21200010
2120010
14000100
120100110
1302
200102010
100002030
110002020
101040
1101030
12011010
120000
210101100
11101101
1300110
102010020
10103010
11003010
4001100
11030010
20100012
10100202
1210101
203100000
110112000
101031000
1102011
320010000
202020000
100012110
2100003
30010020
210100110
100004010
1100310
100010100
300101001
10311000
20012001
11000100
4002000
300200100
10032
1212000
110200020
21012
120010011
110220
100010031
100100103
110120001
100110030
130002000
1131000
20000211
1401
200200002
111201
100030200
200310000
40100010
113100
101111001
3002001
13002000
10212000
401000010
30201000
21210
20013000
22110
10001121
1101000
1112001
12110001
11010030
111012
200000211
11201010
22011000
21030000
201300
100010001
210000021
11020002
1121010
210030000
100010220
1112010
11112000
102300000
20001003
100210020
110003010
100311000
100320000
120010200
210002010
11002101
100111110
11300100
300002001
10021101
10310100
111210000
10200210
101220000
111120000
301020000
201000012
310010010
2004000
101100
230000100
130101000
112200
110001102
31100010
11121
2000010
201120
20100300
10003110
101100300
120000021
2000202
210120
100000302
20100021
1100112
20110011
103001010
201100020
101001003
10001013
100000014
22002
200000400
32010
100021011
11000211
1212
20100201
100212000
2101101
1012110
300000210
101202
210002100
10200030
222000000
12
10110
30102
20101011
210001110
201001101
220000110
1100130
400011000
1300011
101100120
121002000
140001
101030001
200110101
111020001
11110011
1010400
310000020
1011300
200300001
1311000
131100000
3200100
10001220
100311
20020020
103000002
22110000
200010003
100000110
301110000
20200020
30012
100121001
100011021
10112001
10101102
10220010
120002100
13001100
21010020
204000000
22000002
300010002
2112
100102011
40000200
300030000
130200000
210101010
21300000
201000030
1301001
200021010
1211100
102000102
11010120
110201100
40000101
101103
11001300
2012100
230100
12210000
20030001
12010002
100120011
12010020
20011020
20002011
100221
10010031
102120000
100041
41100
100200000
10013001
20010120
101000010
10121001
401000100
1031001
11011110
300100020
101000202
131000001
10002021
22100100
21111000
303
11102001
20300100
200010000
2201100
2210001
110021100
201001200
10020030
200000112
200001102
10030002
20010201
30003000
103000020
210120000
111000300
201210000
10300011
101004000
100140
30110100
100220001
100110021
200110200
230000010
210200100
400110
110202
100200300
102011001
10101210
3210000
302010000
1030101
2022
101010012
200101110
2101011
200001012
230100000
131000010
120001011
2010012
2111001
310101000
110001120
1111101
202200
401000001
2020020
10100013
102021
120101100
2000121
100020210
410010
22100010
1210002
1004001
220020
10010211
20020101
102011010
11001
401001000
1100202
1011102
104100
210020010
20012010
110004000
10201002
100020000
10021020
101002101
100000131
10002201
1301010
120110001
1002021
100200210
210011001
101110101
111011010
1100211
21020010
22001010
122000010
100112100
101011110
12000300
120011001
310010001
11011002
21101010
102020001
10010103
1020210
1021200
1102200
101110200
12000120
3011010
100000122
10001202
2310
3200001
100003200
1011030
1320
3012
110011110
4010010
3200010
110202000
202100001
101000031
10022100
220100001
203010000
100001100
1002000
10300110
2111100
130000110
40002000
11003100
102021000
12000012
320100000
12000000
10121010
13100100
12001200
301010010
30100110
110010021
110200002
101100000
2000211
20210001
102100110
2000031
20001102
1120101
100000140
120120
100110102
210001200
3210
10003200
11101020
310110000
2400000
100030110
101021100
31001001
300102000
10201110
100001010
1021011
102000003
20200002
100101030
100201101
100040010
101011101
21000012
40110
110301000
1100001
100320
20011200
220011000
100012011
101001210
20000022
30020001
2102100
100113000
10110111
1100010
101010021
201000201
110200101
201030
410000100
11210010
100003011
410001000
203001
100100100
104001
1100004
1120110
30100020
101100021
21000030
100032
201111000
20011110
20101110
20003010
10102101
11000001
401100000
111000
21000102
101110110
1013100
10212
1100013
110211
122100
2110002
30002001
2100012
200000013
101010300
100101
201100110
10031010
1100022
11000010
110110110
10110003
200004
11004000
111002010
31000200
102200100
20020110
202000020
12100101
1211010
33000000
220110
200020110
203000001
11121000
1100031
111003
200011020
10003101
101000040
100111011
200010102
101220
101020011
12100011
213
1100040
200200110
410100
200040
1320000
400200
2002011
20100
12030
102010200
11103000
400020000
102002100
110002110
10011003
102012
131001000
11020011
201000
210000
2010201
210003
30000
101120100
101001000
12120000
100000011
20000004
100021200
221100
200000010
12200001
1211001
10102110
10130100
10023000
10301010
202010100
3003
20100003
212001
11000301
300101100
111012000
101202000
1003020
1030020
11220
30010011
110010012
10030011
200100210
102100020
11002002
200300010
21000300
21011100
40100001
2100102
21000111
300012
20000202
200003010
1012002
103200
100200201
2100111
1122
110000010
302001
210000111
101003001
100210011
102010002
10202001
110000031
2100120
10012101
10030020
120002001
104010
220001010
1000032
2010120
20000001
3101010
21001110
211011
1003011
102012000
11010
110010201
203010
3110010
2010102
3101001
12012
1120200
130001100
100120200
213000
102010011
11012010
210010101
20001210
20001111
210000300
301010001
1100121
2010111
13101000
11000013
300100200
210
20112000
1003002
11000121
1014
100000410
30111000
10140
200101002
200120010
101000103
10000104
100001130
141000
101012100
11201100
200110110
1000200
110210100
402000000
201101100
3111000
101301
31100001
100102020
1100103
24000000
1100100
30110001
110020002
101100030
121001100
12001020
111001101
2001003
100013001
13200
10011
110001012
221010
20200101
400010010
202100100
310000011
3100101
31020
2100201
220010100
200110002
211002
30001101
111101010
40010001
11020200
20101002
130100100
2100210
11013
303000000
1102101
140010
2130000
120201
20112
300110100
11010111
300010011
120001200
30011100
10210011
112011
11300010
11100201
21110100
2002020
1002120
410100000
210000102
11004
1100400
1000122
120101001
201300000
100100130
4200000
102102
3011100
200012100
33000
113001
2120100
240000
110100300
202010001
10203000
102111000
122100000
100101201
3001101
300021
32000100
111200010
10000230
200102001
210012
1010001
1120011
101011011
11001012
200013000
11001000
110100021
220110000
10111011
13010001
10000041
120102000
130020
210021
40000110
1221
113010
11000022
200001
1120020
120111
200000121
20002002
10103001
210110010
2010021
101111100
111010110
3101100
121100100
12010110
110121000
2020110
3100110
1010004
1013010
10020000
2030100
10020012
1122000
100200021
130000011
20001012
123000
2100300
102210000
11103
200010120
2010030
20211
202002000
3100011
200001030
10012002
20000103
200100
103011
10100121
21003
100012020
10120002
420000
220200000
210110001
10004100
40200000
2010000
4100100
2010003
10221
100410000
1020102
400000020
31002000
102010110
11100021
110120100
200100300
110300001
30000021
100012200
100211001
130110000
20102010
122010
10001010
301000011
10000221
200100102
101000130
1004010
3012000
30021000
20010000
3300000
101002020
120011010
110000202
211101000
22100001
320000010
100020
201000003
110200110
20400
200103
22001001
22000020
20110020
