1
213010
302110
2012110
2110300
13030
220210
2011030
1000300
1030
100021
12013
211030
2011012
3000010
202201
21220
22120
3000031
2301010
3000022
122020
2031100
20212
1010320
3010021
2030020
13201
10012
3000001
3002110
3010003
3010000
201211
2011000
123010
3002101
2011003
1122100
3000211
3012100
1010311
31021
3010012
1012300
300130
3020020
230020
10330
22012
32020
11230
31120
1102003
3000220
2030011
3100
212011
1020220
21112
3020011
203200
1103002
221200
3002020
130012
200221
232000
21310
1000132
120103
130210
1103011
1020211
1200301
120301
1201300
103120
2301100
30310
1102012
20302
231001
3010210
211021
1213000
1220200
301201
120100
1200100
3010201
1102021
101011
3012010
12130
1000123
3030001
3000112
1103020
31012
202102
1110220
3001
3000103
1033
3000100
1000111
3000130
110320
10222
3000121
32110
230011
31210
1311100
302200
3010120
210031
21202
22102
1000102
1201120
30202
201112
232
1200130
3002200
2031001
20101
3022000
300211
2013010
3010111
1200112
1321
3300010
1020310
3010102
131101
1012
101200
1000222
112300
11122
23002
1310110
3020101
3000310
1002211
1200121
2000311
3020110
31102
32002
201100
1310101
2013001
1030210
1010131
1002202
21001
1011310
3030100
3310000
1020301
120031
220
2032000
3010300
2200012
2000302
12022
201103
33001
2200003
1000213
331000
200110
320020
2200030
1110301
1030201
2200021
3300100
2202001
1000201
1132
111310
1110310
101203
1001131
10300
11200
211300
222100
201121
1200202
101002
12310
13210
3201100
1330000
1130200
2210011
2113
131110
2210002
130201
1010101
2210020
203110
2212000
2200111
210310
200131
2000230
3020200
1110103
1020130
102121
12100
2202100
1110100
1001230
313
1201201
1202200
1221100
1220101
110113
2220010
1030300
113020
1200001
2000221
1201000
2220001
1110130
3112
220120
2020300
1201003
1003210
1102
1000030
130000
1200010
2210110
1020121
1003201
2210101
111301
1010200
2000200
1231
2000203
2032
2230000
2200201
1312000
1001221
312100
203101
100
1200031
3201001
120220
200122
3201010
2002300
101131
321100
1220110
301000
1201030
2200210
1020103
2001220
2311
22000
100201
121012
1200013
30001
1001200
1201012
121210
1202002
1020100
21100
2220100
1202011
202111
322
1310011
201010
11131
202003
1000012
1001203
2001202
2210200
3211
220003
110311
221101
3211000
1310002
1000000
103111
2001211
2200300
2020210
2101000
2101003
101320
1000003
2101012
31000
2103001
200020
2101021
1003300
2103010
2000113
102112
2101030
12031
1112200
1013200
1201
310201
300022
2000122
2000101
1030111
2020201
100003
300202
302002
10123
110110
2002210
200023
2000110
201001
2111002
103300
1001032
3100000
3102100
1021120
2113000
112021
100330
1010020
1202110
1110001
2101102
11302
2002201
3110011
12202
1002220
1111003
1110010
300031
1111000
2001121
11023
200011
1220002
1011202
2021200
101122
302011
1010011
2001130
1221001
1110013
132001
1220011
2121001
3120010
201130
1203100
1000
3120001
1001020
1110022
102310
2001112
10201
1010002
202000
1110031
301210
2000032
3102010
2003200
111031
2001100
1112020
20311
2001103
103102
1001011
2000020
2020120
2101201
203011
2020102
110101
2101210
221011
3100120
3100111
331
1001002
2020111
1220020
3100102
3112000
1222000
20032
1021210
120013
130120
133000
1011031
1003102
13111
110302
20230
222001
223000
212200
2002120
202021
1300210
1301200
3110101
120010
1001122
1031110
20203
121003
2111200
1011022
121201
1001110
2002111
132010
33010
2021110
12001
133
121000
2101300
1002031
23011
203002
1300
21130
210202
1012210
1012201
1031101
22003
2001013
100120
220021
1020001
20122
1002022
2001010
21103
111220
101113
1300300
1011013
2001022
2131
3003010
2021101
10000
300301
22201
320101
3003001
2003110
2020021
1113100
3013000
102301
3001102
2020030
103030
300001
2001001
10132
3100210
31030
221002
3301000
3001120
3100201
102100
21022
1131001
1130011
3001111
2020003
2020000
30022
301300
113200
2003101
2020012
201022
1130002
1210210
1130020
2002021
2302000
23101
2230
2300020
3130
2022100
11311
110230
3110200
12211
1111
1131010
2002030
1132000
3001030
11032
3011101
1031200
1002130
111022
1203001
2002003
1210201
2002012
1300102
1012030
3001003
2310010
101311
1011103
2310001
22
3001021
10210
102103
2021011
1002112
101110
112210
1021012
1022200
2021020
210103
300010
310003
1011100
130111
30211
1021003
113002
11203
1003
3001201
1012021
1002103
2021002
2300101
3011002
1021000
303001
312001
2003011
3001210
2003020
1300120
1301110
1010023
1302100
1012012
1002100
13120
1301101
32011
2203
31111
1100302
2320000
2011
301012
103021
30103
12103
1100311
2003002
1101301
203020
3011200
120001
111013
1100320
311200
320200
1102300
221020
22300
2022001
30301
2300200
1012120
2022010
1112002
120130
112201
1031011
1113001
1210300
31003
202030
3011110
301021
201301
1113010
230101
110020
301030
102031
121120
202
13
31201
303010
1031002
2302
310030
23200
20020
1120210
2110
31300
3202
212101
1012102
110023
300103
1100122
1020031
122110
1022011
2201002
312010
11002
3001300
1100131
2201020
2203000
3021100
220030
1210120
1020022
101032
2201011
1022002
123100
300100
2010310
11320
12220
2023000
1210102
1300012
102220
1301002
112003
3200110
311011
300112
102130
1021
1020010
3301
121300
3013
2011201
111100
2211001
1003003
2000131
2010301
1100212
1300000
20110
222010
1022020
100111
1021300
3021010
110032
11221
3003100
130300
131020
103012
1021021
21301
2111020
3011020
2201101
3001000
211201
1032100
2211010
11101
1200103
230110
320110
3100300
310210
2121010
211102
301
1011220
200302
110131
1011001
301111
3021001
121030
111010
13102
201013
201031
1022110
2201110
1310020
213001
2013100
2200120
1111030
3210100
1011010
2131000
1100113
1032001
2100121
3030010
112000
1020013
1320100
10312
3010
1001023
11020
11212
1300111
21010
230200
110212
2002000
1300030
2221000
30010
1021201
1302010
1303000
2110120
3110110
2011300
10033
101230
101302
1100203
1003000
20002
1032010
1301011
100231
1302001
1120300
1003111
2211100
1121020
1221010
1101202
212002
100210
22111
100300
102022
1013110
1131100
1022101
3000301
2310100
1030120
12010
1120030
1201021
30121
301120
121
30220
111103
1001101
10
1102201
220111
3130000
3200002
110203
1211200
1110202
1213
303100
1002013
1102210
1123
3200011
1002010
111130
103
302020
1021030
3031000
12112
3202000
120112
1300201
211000
1002001
1021102
200200
1100221
1031020
2201200
2011210
1311010
103210
2010211
3200020
110011
210010
1103110
1100230
2103100
1101220
2010220
22030
30130
1210000
1120102
310000
1202020
1030012
1210003
1013101
2002102
13003
100213
112
1101103
110002
200113
3110002
1130101
2001301
13012
3200101
1100002
13300
3102001
210130
1030003
3110020
13000
130030
2001031
110122
10111
111001
210001
1120012
1000021
120121
3210001
301003
100303
1120120
101020
1020112
3210010
200203
3100003
1101100
1120
120211
2101120
300013
1200022
1101010
1030000
3000202
3100012
20131
3103000
1103200
2130001
3100021
2100001
100102
3100030
310120
310300
213100
12301
1310200
1101001
202300
2100010
111202
2100013
1010302
1230010
220300
2102002
1203010
3010030
100012
1100023
131002
1003030
1102000
2102011
2000320
220102
100033
20011
210100
1230100
311110
1101022
32200
1200211
2102020
1001311
1002310
1320010
2010013
123001
2010202
1210021
1211020
2301001
1212010
1001113
210121
3001012
32101
3120100
1101031
1000120
100321
13021
2030110
201310
231010
2031010
21031
2000212
212110
110221
1001302
1102030
201202
1010203
113101
2012011
121021
1011130
2122
1101310
2110000
330100
2110003
1210012
20023
1211002
1312
311002
1013011
1200310
3101101
21211
2110012
1012000
2112001
1001320
210220
210112
1010212
1023001
1001212
2110021
102013
1003021
112102
2112010
310111
1023100
210301
112120
2100100
2110030
2100103
1012003
130003
211120
3200200
100123
200320
1023010
320002
3101020
2100112
2000011
2102101
211012
220201
31
1210030
2200102
1003012
113011
1000231
100222
2102110
2010121
1033000
2100022
11011
3101011
10003
2100130
10303
3220000
2010100
231100
2010103
3101002
3020002
2311000
11110
103201
2120002
1120201
2221
310
200230
3121
2020
2010130
2120011
1100032
102202
211210
20221
33100
2100031
1321000
21121
2122000
22021
2010112
2101
103000
2120020
330010
10321
2000023
320011
3111010
210022
223
1202101
200032
3310
2110102
20113
1330
3111001
2012002
220012
100030
2300110
30013
2200
1201210
1100101
1121200
2112100
1301020
220000
2030002
2012200
120310
101023
130102
230002
310102
211
122002
112012
3101200
20200
1010122
1010032
2100202
2011120
1000210
313000
100000
1102102
2030200
310021
2100211
3121000
200212
2320
2102200
110200
1212100
3103
121102
3022
2100220
321001
1030102
311020
102211
2130010
300220
1103101
10231
101221
321010
132100
122101
1101130
112030
2121100
1102120
21013
12121
322000
130021
131200
2200000
1111300
2120101
1320001
102010
1212001
301102
1210
2120110
2002
211003
330001
202210
1013020
1121002
1011301
113110
103003
3220
202120
100312
122200
10213
1003120
100132
1130110
1201102
1120000
30100
1000330
310012
2110201
131011
1120003
3002002
3101110
2011102
10030
1010230
1120021
1000321
1030021
2110210
101212
101101
1122010
2300002
2202010
2010022
10120
102001
221110
2030101
1000033
300310
1100020
1030030
2212
1122001
3002011
2001310
2100301
122011
2010031
1010113
210013
23110
1000312
2130100
1100200
1100011
2100310
2011021
210211
30031
130
23020
22210
1002301
1123000
2300011
2010001
10021
1013002
3111100
2000002
120022
10102
200002
200101
11113
1010110
200311
1300021
1100110
2023
1222
3011011
1230001
30112
1002121
1020202
202012
2010010
1010221
2120200
300121
2012101
3012001
1303
1000303
3300001
1300003
3000013
1200220
201220
20320
3031
1231000
302101
212020
311101
2012020
120202
1101013
1311001
