0
2020020
111021
311100
320100
101013
21111
300000
1110
3001101
2001000
1011003
20103
2001003
11121
211200
100122
222000
201021
2020002
3001110
1130010
102201
1002
20301
2003100
3000012
1130001
2020011
2011011
2002020
3000030
102000
2011020
21030
2301000
3000021
2300010
30030
2300001
3010020
1302
201210
20022
212010
3000003
3000000
1203000
100023
1301100
3010002
110031
11001
12021
102102
2002002
3002100
1002120
2011002
20220
1021020
3000210
3001002
2103
13011
1010310
1101003
2310000
3000201
2030001
10113
3001020
120102
1102002
302001
2021010
120300
2030010
200220
101211
3020010
1002111
1102011
1103001
1032
1011
1020210
1103010
2010
23001
101010
112011
30021
112110
21120
22020
1000131
1010031
1002102
30120
2012001
3000
2300100
330000
1010301
130011
2021001
20112
120003
210030
130110
11013
3010200
202101
2003010
321000
1000122
1200102
1113
3000111
20310
300
1000113
1000110
230010
1320
131001
1020201
1300110
301011
310011
1100301
3000120
11211
1100310
1101300
100113
110121
21012
110220
30012
2022000
220101
2031000
30111
300210
131100
21210
3003
22110
1200111
3000300
111012
102030
30210
201300
3010101
20202
212100
1020
301020
1113000
1201110
33000
3020100
12111
2000310
3201
1002201
120030
310020
13101
101100
112101
1131
112200
23010
10203
31011
1010130
1100112
1010121
300102
1020300
22002
210
32010
121020
31110
201102
1031001
30003
222
1022010
2013
1100121
2201001
101202
11130
2200011
1210110
200001
1100130
321
2200002
1010112
30201
1212
1110300
110022
2200020
1012101
2202000
1030200
2201010
20001
1001130
30300
3300
210120
11103
2112
1020021
100110
1010103
1200201
1300011
3200100
1210101
300111
111210
101103
230100
11010
31002
12030
2211000
1300002
1020012
2210010
2010300
31101
32001
2210001
13020
200130
112002
32100
1010100
200301
2201100
310101
10122
2200110
201000
1101
2200101
301110
130002
100011
12003
130101
1110102
130200
1201200
1220100
2211
211101
3111
1230
2031
320001
1021200
2110110
2100
102120
1003200
1200000
100212
102021
1110120
11301
3200001
1200003
2001021
12201
2000220
20010
1003011
3011010
1112001
2220000
1001301
1100202
10110
3021
1000032
300012
1301001
11022
1012002
10002
1200012
1201002
311001
1020120
303000
1002021
210102
110112
1021011
1022100
1100211
1101201
210111
1002000
3011001
23100
1302000
1030002
120
101130
203100
1020003
210003
3001011
3012000
1102200
210300
2000202
3100200
200121
1020111
2310
1002012
2200200
113100
10320
3012
1000023
22200
11220
3201000
10200
1210200
221001
1030020
1200030
102
111300
10020
300300
3110010
1032000
1100220
111120
100200
1002030
1020102
2111100
21003
3110100
100302
110202
2010210
1030011
301200
210021
20013
10032
203010
1120020
1120101
1000101
120120
1001211
103011
1002003
1101210
1202001
2101200
101031
1001001
111
2130000
1012020
1110003
202002
103110
1112010
2210100
1100031
1200021
102210
1010022
2120001
1201020
120201
1100001
3120000
100101
1310010
1001202
1121010
1300020
330
1012200
1300200
121110
11100
1100010
2002011
12120
1200
1010013
1110012
1121100
1000011
1121001
1310001
310002
1021002
300201
312
201120
13110
100032
122010
1011102
1301010
1120002
20100
2100000
1131000
2100003
2001300
2000130
22011
100203
1100013
110211
122100
200022
1110201
1000002
111000
2102001
123000
1212000
1320000
1100022
300030
2100021
2103000
2220
3110001
2102010
1023
1101102
220002
1210020
2100102
2100030
2000112
1001310
2101101
111030
10230
121011
111003
1101021
2121
111102
1010010
100230
101220
1101030
3102000
1111002
12000
2101002
201201
3111000
2001201
10023
2011200
2000100
1111200
310200
2020200
1013100
3100020
2000103
1030110
102012
1210002
1211010
1002210
210000
2101011
2101020
30000
122001
2012010
300003
301002
11112
2110002
30
3100011
1210011
1211001
2111001
100311
2000211
2110011
1130100
3100002
1012110
2112000
3011100
1201011
2120100
2111010
1003020
1101012
2110020
231
110010
1001031
3102
1000212
2100111
2301
1202010
2001210
101121
200211
300021
1011201
31020
20031
201003
103200
1030101
2002200
1122
200010
1021110
2102100
3120
1120110
2101110
1000230
3101010
2100120
1001022
3200010
2001120
200031
110013
10131
112020
1000200
1220001
312000
211011
132000
1011012
1011120
101301
111201
1110000
2010102
3101001
12012
1120200
130020
311010
213000
212001
1010001
202200
1010202
231000
2120010
2121000
2001111
2010111
220200
13002
1221000
1000020
3210
110301
1003110
101022
200013
110130
1020030
1110021
1101000
1220010
103101
1201101
1203
303
1021101
2110101
11310
1202100
320010
20130
12210
1110030
230001
1111020
1100103
201
1100100
200310
213
100131
221100
101310
12300
1200300
11031
13200
10011
10212
1001013
3020001
2001102
1001010
210210
1000320
3030000
2100201
1011030
2100012
211002
200112
20121
200202
2000022
220110
2202
2100210
120012
1011210
1102101
3002001
2020101
1001220
10311
120210
102003
1101120
1023000
3100110
1102110
310110
1103100
2020110
211020
33
2000301
2011110
1311
3100101
3021000
1310100
3
132
1102020
31200
22101
1003002
110001
21201
110100
2000001
121002
202020
103002
21
1031010
120021
102111
121200
2000013
1001121
201111
3000102
123
210012
302100
1120011
1011300
2010201
2000010
3010011
1000203
21300
221010
2002101
21021
10302
11202
2011101
2022
1221
1011000
2110200
100320
110103
120111
2000121
1001112
1022001
120000
2010021
211110
113010
3101100
220020
101001
2002110
1012011
1003101
201030
1013010
1110210
2030100
1013001
1122000
203001
110310
3002010
2001030
2100300
301101
131010
1211100
2010030
20211
30102
12
21102
101112
121101
200100
201012
1002300
2000031
1011021
3001200
2013000
1000311
2130
1200120
1001103
2010000
1311000
2010003
10221
2001012
1031100
10101
1020000
1000221
2010012
2010120
3010110
210201
100221
302010
300120
1300101
12102
1200210
2003001
102300
1230000
21000
1000302
3210000
1010220
2012100
1010211
3300000
202011
103020
2021100
100002
1112100
1001100
100020
220011
113001
2001
200103
3030
3003000
202110
