1
230323
323023
310303
3013000
3303001
22333
1033330
2020030
3303010
3223300
203332
1000300
320230
1030
333022
3301003
3301000
323020
1333030
3302002
3303031
232303
2020003
2020000
30022
301300
3000013
3000010
1303303
33322
1003333
333010
2303002
3302020
3130033
3130030
3023002
310300
2030032
2302003
2230
2300020
3130
3000022
30220
2033200
3103330
3322
2033203
333013
2030023
232003
230320
3001030
2303032
3000001
3103303
1330330
2302033
3010003
2002000
2002003
2303020
200032
2303023
2302030
2300032
23020
3001000
232300
3000202
2030002
3020020
22
3020023
230020
2200
203323
32020
331033
3003130
3000223
202330
33013
3020032
3100
1003303
3002032
3031
300133
3313030
3002023
3002020
3323002
3100333
3300133
310003
3003103
232000
3003100
2233
3133
303301
3020002
10303
1003
3322000
330232
2003032
23323
13333
300013
202333
3030010
3030013
3000133
303001
330001
303310
323230
2323003
2323000
2003020
303313
220330
3030001
2003023
3302203
3302200
3323020
3001
3300223
3332002
3300220
3000103
1033
313300
3133300
3000130
320320
313303
2320003
3300202
2320000
333031
322033
133030
223003
2332
3103
3013033
3002230
3013030
30103
3302230
3303220
2230000
3030103
100330
1333003
3022030
2003002
3022033
3030100
203020
30133
30202
3130300
3000331
220333
103300
33232
3333001
320200
3130303
232
3300232
133033
303100
3333010
3300022
22300
2003302
331003
30301
2300200
3033100
2300203
3300031
301
3232
332230
3032020
3022000
133303
3022003
1033303
3000301
2000320
3031330
3300010
331300
303331
2333020
2000323
3032032
223330
2303230
3000322
302323
233200
3003310
3033103
23002
203023
3003133
3003220
3330001
2330032
202030
3023020
3302023
3023023
3001330
2333002
303130
331303
3301030
3330103
2330020
330202
2330023
2023030
2332003
3032002
3001033
3001300
2300323
202
33202
3010330
3331
3300310
320323
303010
2300233
230203
2302
310030
3301033
23200
20020
3303022
3001333
3033202
32200
301033
31300
3202
32233
23332
31333
2023033
3000232
300103
220
2032000
3010303
130030
303013
330331
103003
2302300
3323200
2302303
3033001
3303310
3023230
2032303
303022
3032203
3330130
3032200
3320200
2200003
3320203
331000
3020323
2203000
2200030
2203003
2300302
3003313
332320
3300103
1330033
3300100
200002
3020302
3310030
2303320
3032302
320332
2302330
300232
32320
20323
230230
2023000
3002332
323320
3313300
3023203
13303
3303130
2200033
3030133
330301
10300
3030130
2023003
2203033
2300332
3330202
330322
2300320
230332
2203030
3303100
2303302
3320020
23203
3320023
3303103
3320032
133330
3030301
333100
3002302
31
233203
2303203
10
3310033
323200
1033003
1330000
3103300
2000230
2033230
130003
203233
3020230
1330003
3020233
3032230
203032
3031033
3003010
1300000
2033023
3232003
130333
3003301
130
32323
3003331
3030310
230032
223030
1333300
3332200
3003223
3013330
3022330
2330200
3031303
2330203
3031300
1300003
3331003
3330010
3331000
2300002
200302
3020200
2203330
3220030
3303202
3220033
3001003
3002002
3002200
3030232
3023320
1030303
333130
302200
33313
20200
33022
303223
2000233
33220
2000020
3033130
300223
3022300
3003202
3022303
3100030
2320330
1300033
2333200
2330230
3030223
3310330
3331030
3332020
1303330
1303003
1300030
1030300
30010
320023
23023
1303000
3030202
313033
1030030
2002333
3300130
3013303
3330022
3013300
313030
2320300
2200333
3032320
3300313
2030323
130000
3330031
3203203
130033
3203200
2030320
3023302
323203
100300
3230002
33001
322030
33310
320020
2030332
303220
13003
223303
331330
300313
232033
233032
3230032
1033030
3230023
3230020
330100
3001303
2000203
20332
3002203
2330302
31030
2323300
200323
3301303
332032
3301300
333301
3203230
233002
103
302302
332002
3202003
333001
3202000
3033301
3300322
1303033
303232
3203002
200200
323032
3033310
2002303
220030
313003
3200023
322003
3200020
2002030
3300301
1003330
3200032
332020
2003320
22000
3003232
3003322
3331300
1303030
2030302
100333
30001
2332300
3000100
1303300
3310000
3202033
3203023
3202030
3203020
2303200
30100
2233000
3203032
2233003
232330
3300331
333202
3200302
1030000
320302
322
3230200
3301330
3330100
3302320
3333100
1033300
202003
1300333
3200323
13300
3200320
30232
100303
220003
301000
1300330
2300230
2032003
302332
3232030
2233030
203230
1000000
3030331
30331
1033033
33331
310033
3103003
320032
3103000
3200332
2200300
100003
2200303
232030
3030313
202033
2230003
3002323
2002330
22303
3320230
202300
3002320
130300
3030322
230200
3002233
301003
1000003
301030
1003033
23032
2002
301303
1003030
3223003
200020
302233
303133
100033
300322
3031003
3310003
33223
3320002
303322
3020203
2203300
33130
2200330
2203303
302203
333103
303103
3220000
3010300
3220003
130330
302020
1300303
1300300
1000030
2030230
200230
300130
3033220
100030
3000310
3100033
200233
2300023
202303
33301
3310
300202
3322300
220303
33031
1330030
3200002
313
30223
1303
2203
3330220
13000
200023
310
2030233
20023
233020
13330
3223000
3033022
30322
3320302
133300
3100003
2033002
3100000
2032330
3031030
3130330
2230030
10030
2000200
13030
2032030
3220300
3303301
3220303
301330
3000220
223300
2033020
300331
33100
2023330
3033010
3200203
3033013
3200200
2332030
3223030
13033
320002
3230302
322000
220033
230023
320203
302002
20233
10033
3330301
3023032
330010
300031
22330
31330
32023
1033000
3232000
2003233
2200000
10003
2030203
323302
223033
22033
1003000
31033
2030200
32032
3200233
3220330
3200230
31003
32002
203200
103333
330013
1000033
2020
3233002
2033032
23320
2032300
3033031
230302
3233020
310000
1000
2023303
100
2023300
3023200
233023
103000
330310
310330
330103
23233
230233
33133
302023
30313
3031000
301333
310333
202000
200320
300220
300310
103303
130303
3232300
3013003
2000032
313000
3202303
3302302
3230320
2003200
330313
203320
2320303
2330320
3320320
2003203
3330310
230002
2320030
30310
3130003
1330
3130000
1333000
2230033
2320033
30013
223
2033320
2230300
333310
2230303
20002
2000023
2003332
1030003
330130
2320
3322030
3103033
3000313
2003230
10330
3022
330223
2020300
2032033
200203
331
103033
1030330
2233300
3202300
3032023
1030333
1333
300001
3010333
20032
3203302
2230330
330133
332200
3010033
2002033
302032
10000
303202
3103030
233302
2000002
133000
220300
3203320
3030220
3010
32230
302320
3313003
20230
2000332
2023
223000
10333
3220
1330300
3310300
2033302
3330013
2032
322300
1330303
1000333
2323030
1003003
1000330
332302
330220
2020330
2020333
20203
1003300
323002
2332000
3313
322303
3010000
233230
3301
13
300022
332203
3100330
331030
303031
330031
3100303
3030031
3100300
3020320
33103
133003
300100
103330
20302
33010
3202330
200332
203203
220000
133
2002300
3010030
2323
3020332
233320
3003022
3013
3322003
203002
30031
3000031
1300
2000302
103030
22030
3003013
203302
3030022
30130
2302000
333220
22003
2030020
3230203
32203
23302
31303
3313000
3133030
3003031
302230
3233200
3300013
32332
2330002
100000
3302032
1030033
330022
32302
2020033
2003323
23230
313330
3303013
1000303
3300001
31000
300010
3223
2020303
20320
3230230
3310303
300301
3133003
332023
3133000
320233
3003001
322330
