0
3
2020020
20130
311100
320100
101013
221001
300000
1110
3001101
2001000
1011003
20103
2001003
10101
211200
3100200
1131000
201021
2020002
3001110
1130010
102201
1002
20301
2003100
3000012
1130001
2020011
2002020
3000030
102000
2011020
21030
2301000
3000021
2300010
30030
2300001
3010020
1302
201210
20022
212010
3011100
3000000
1200300
100023
1301100
3010002
210102
11001
110130
102102
2002002
3002100
1002120
2011002
1300101
1021020
3000210
3001002
22101
13011
1010310
1101003
2310000
3010011
2030001
10113
3001020
120102
1102002
302001
2021010
120300
2030010
200220
3020010
1103001
1032
1011
1020210
102003
2010
23001
101010
3020001
30021
21120
22020
1000131
1010031
1002102
30120
2012001
3000
2300100
312000
1010301
130011
3011001
100212
120003
210030
130110
11013
3010200
202101
120201
103020
2012010
1200102
3021000
3000111
20310
300
1000113
1000110
230010
120000
131001
1020201
1300110
301011
310011
312
3000120
2003001
1101300
10032
21012
110220
30012
2022000
220101
2031000
30111
300210
131100
21210
3003
22110
3000300
102030
30210
201300
3010101
20202
212100
1020
301020
1200120
2301
1002210
3020100
2000310
3201
1002201
120030
310020
13101
101100
1310100
1131
2013000
23010
10203
31011
1010130
1000221
300102
1020300
22002
210
32010
1020030
31110
201102
1031001
30003
222
1022010
2013
2201001
12
11130
30102
1000212
200001
1003110
321
2200002
30201
1212
1110300
110022
22200
122010
1030200
100311
20001
1001130
30300
3300
210120
11103
200112
1020021
1000203
1010103
1200201
1300011
1301001
1022001
123000
101103
230100
11010
31002
12030
2211000
1300002
1020012
2210010
2010300
31101
32001
102120
23100
200130
112002
32100
31200
132
2201100
310101
10122
2200110
201000
1101
2200101
301110
130002
100011
12003
130101
130200
1201200
1220100
310110
3111
1230
2031
1200000
102021
11301
2000211
12201
2000220
2220000
1100202
1000032
11022
10002
1200012
1300020
1020120
110013
1022100
2210100
120
101130
203100
210003
1102200
210300
20010
200121
123
2310
1002012
2200200
10320
3012
1000023
11220
3201000
10200
1030020
1200030
102
1002000
1032000
1100220
1020102
2010210
1030011
120120
1002003
1202001
101031
1013100
202002
2001
1200021
1201020
1202010
1030002
1310010
1001202
2010201
3210000
11100
12120
1200
1000011
1310001
300201
311001
320001
100032
2000301
1010001
2101200
20100
2100000
1311
120021
3110010
2000130
1210002
100203
1100013
1002021
122100
2001300
110310
1000002
100122
2102001
1110003
1212000
1320000
1100022
3021
2100021
2103000
1110000
1101000
2102010
1023
10212
220002
100002
2001012
2100030
2000112
1001310
1300200
100020
1210020
1100031
111003
3111000
2121
110031
2201010
3110001
101220
21003
101310
2211
12000
330
201201
1101030
2112
311010
2011200
2000100
3101010
3120000
310200
1023000
3100020
2000103
1030110
102012
21000
1003200
321000
210000
3001200
10131
30000
122001
101202
1010100
202011
1100001
2110002
1100010
3100011
300012
2120001
111
112020
201120
200022
1130100
3100002
10311
212001
201003
100101
20013
1001220
1003020
1202100
2110020
231
110010
1001031
2020200
2100102
1302000
2200011
120210
103011
2112000
200211
300021
1001301
1103010
20031
1012002
103200
1030101
2002200
1122
2220
300030
2102100
3120
1113
1010202
1000230
3210
2100120
1001022
2001210
2001120
2130000
1021200
100230
2010120
3200001
1220001
3200100
1010013
132000
2000031
111000
2101020
102210
202110
2010102
3101001
12012
1120200
2120100
1010010
213000
1320
1000101
202200
200310
231000
2120010
2121000
3000003
301200
220200
13002
1221000
2001021
1000200
1003002
3030000
101022
200013
1010022
1000020
2210001
2200020
100110
103101
2100003
1203
33000
2022
12021
11310
1201002
320010
2101002
12210
1110030
230001
2000202
1100103
201
1100100
2100012
213
100131
1011000
21201
12300
300003
11031
13200
10011
10230
1001013
1200003
2001102
1001010
210210
201012
2001201
2100201
1010220
3001011
211002
2002011
20121
200202
2000022
330000
1012020
2100210
120012
3102
302100
211020
2020101
300300
10020
111030
2000121
3200010
2202
3100110
10221
302010
1103100
103002
21
13110
2002101
1220010
31020
3100101
3102000
303
310002
1100130
1001001
3010110
100302
2103
110001
220110
110100
2000001
121002
202020
200301
2020110
21300
13020
200010
1011030
2000013
220020
11202
10023
3000102
210012
3030
112200
1011300
3002001
2000010
1031010
300111
2110200
221010
210021
21021
10302
3110100
130020
1120002
1221
1003011
2003010
100320
1120020
21102
303000
110202
121200
1210200
2010021
1203000
113010
3101100
1100310
101001
2002110
103110
1003101
201030
1013010
2202000
2030100
1013001
1122000
203001
1301010
3002010
2001030
2100300
301101
131010
10110
2010030
20211
121020
203010
1000122
1020003
222000
200100
1102020
1002300
110301
110103
101301
2021001
1000311
2130
113001
1001103
2010000
1000320
2010003
33
1012200
1031100
100113
1020000
200031
2010012
113100
1113000
210201
100221
1100301
300120
1002030
12102
1200210
20112
102300
1230000
3011010
1000302
1021002
3012000
2012100
1311000
3300000
30
3000201
2021100
301002
2100
1001100
22011
220011
100200
111300
200103
20220
3003000
221100
