0
3
233100
110331
310302
122220
210033
2112300
212022
1201230
123012
13131
2303001
3000033
3000030
102000
102132
3312000
1023012
3000021
310311
113100
211032
213003
2120301
20022
212010
3000003
32202
3000000
100023
2030031
12021
2311002
2303010
22101
103320
1023000
3000201
2030001
3020022
3012120
120102
1102002
3000222
3020031
1203300
2030010
3000213
3020010
2012022
3020013
1201320
2303100
2012031
312300
102003
310320
2311020
3020001
212013
320310
3030030
2032101
2301102
2012001
1201302
130011
3030012
2012013
210030
1102023
11013
1102020
202101
3012012
1000122
1200102
3030000
3030003
3000111
2301120
1000113
3012030
1000110
3000102
211023
1320
3012021
221220
3300201
3000123
312
3000120
33030
222210
3000330
2301210
1200132
2331000
2301201
3012210
3300021
3012201
131100
3000303
3000300
2000322
3300012
120231
110322
3000321
1002213
1200120
3020130
3000312
3020103
2000331
2000310
1002201
3020112
121023
123003
1010133
131103
2032020
3030120
2000313
31011
1010130
213030
1000221
2032011
3030102
220230
121020
201102
3030111
2032002
2000301
3020310
101202
11130
2200011
1000212
2311200
2200002
3300120
1110303
222201
21300
3300102
2200020
3020301
2200023
3320001
3300111
1001133
1001130
202113
3300
2200032
12123
200112
1000203
1010103
1200201
112032
1003230
123000
1110330
132102
3320010
3012300
330201
1130202
32001
201123
213021
200130
2020320
32100
1010100
132
220221
10122
2200110
3020220
1101
2200101
21033
100011
2020311
1202220
3020202
2200122
1220100
3020211
1020132
2200113
2000232
203112
1003221
3330000
210312
200133
1200000
2200131
2002320
1202202
2000211
1130220
1020123
2000220
1003212
1000032
1001223
101331
1200012
133101
1020120
1003200
2002311
102123
1220130
13032
203100
210300
2000202
200121
1001220
2200200
2230002
2200203
1000023
1202013
130131
2230011
1010202
1200030
102
122202
1200033
2200212
3203001
1020102
3203010
3300300
103311
1313010
203103
2200230
202110
1202001
1311030
2230020
2001
1200021
12303
1202010
2020230
1001202
320301
330
11100
210303
3211002
1000011
201120
13110
2000133
1331100
1013220
2200302
1202031
2020212
2000130
2230101
1130310
33021
110310
1000002
1130301
1311000
210321
133110
2103000
1311003
2200311
220002
100002
2000112
212310
2103012
3203100
321300
2121
2200320
1313001
2000121
2220201
2103030
2000100
2020203
3100032
3100023
2002212
3100020
2000103
1030110
1030113
1013202
2220210
2002221
22032
211320
1002222
1130100
2022300
1130103
3110031
3110022
21330
22230
300021
2230200
1030101
2002200
131130
21303
2002203
3201210
1313100
2103102
302010
112020
1220001
1010013
123120
1222200
3231000
300033
202122
2103120
1010010
1000101
1220010
302013
110301
2020131
302022
112023
2123001
212301
32130
2123010
11310
1130130
22122
1331001
213
201132
3021
3130011
11031
33210
2020113
1222020
1001010
1331010
2020122
1220031
2000022
3100131
1012230
2020101
120210
1222002
2022210
3100110
1023201
222003
2020110
1301220
23022
1220013
3100101
302031
2133000
1011033
2000001
121002
2002113
1220022
1011030
2000013
220020
3122010
2000010
3122001
2123100
2002122
10302
2002101
2022201
303030
3100320
3100311
13212
20013
1021200
1003101
3112200
220023
1002030
1020003
3003021
1132200
221013
3003012
1001103
2103300
1332
33
1012200
1031100
1020000
3003030
12102
2020032
3130110
1012203
3130101
1001100
220011
3100230
3003003
31311
2020023
2020020
3100221
221001
300000
3303000
3100212
210330
1011003
10101
3100203
1131003
100122
222000
2002032
2020002
2133
2020011
10233
2022120
2131200
2302002
2022102
1031202
1022220
33012
3130020
1301310
1321200
32103
31203
101310
1301301
3011103
1131030
1002132
1021023
1210200
1301100
110031
300003
102102
2002002
1012032
1002120
223011
3003120
1032120
1021020
113202
2302020
13011
2310012
3003111
2310000
1022202
2310003
232200
3011022
1002123
1012023
3011013
3130200
2300121
3011031
3003102
2302110
2300112
310002
1301130
30021
2310021
300012
1010031
1002102
30120
1012020
312000
2300103
221031
3011001
20112
130110
2003010
2331
1113
3033
20310
300
2300130
1301103
222021
301011
310011
2310102
2022021
3011220
222012
2022030
2003001
1101300
223002
1210302
3231
100113
13221
301023
310023
2310120
2022003
2330010
102231
1212300
3120300
303003
2022012
3003210
1022031
1103310
30210
1113003
212100
1020
301020
1113000
1031010
1032201
312003
1022022
2310201
230202
310020
3011130
3003201
1003131
1013031
301032
10203
300102
1230210
220032
303012
312012
1020030
31110
310032
1031001
1003122
222
1022010
2013
221022
21102
3033000
1020033
1003113
2010321
2330100
1022013
2300310
1113030
333
2300301
2203002
1212
110022
1303200
311031
2010330
20001
1230201
210120
2203011
3210021
1020021
100110
3210030
1300011
2010312
1022001
300111
2310300
303021
20331
11010
313011
3311100
2211000
1300002
1020012
2010300
2010303
1032030
112002
3003300
301110
2203101
2213010
2211030
130101
102222
223020
3111
3210102
1302021
301113
21231
1013130
1032021
2203110
1023030
3210120
33003
1300032
2221002
1302012
303102
1022103
1300023
2221020
1302003
1033200
3202200
1030032
10002
1300020
1032012
110013
1022100
3230010
1030023
2010231
1032003
2030310
123
1023021
231210
1013103
1230030
21123
1030020
3202002
120321
2010213
12330
1021032
1133001
303111
2010210
1030011
21321
22221
131022
210132
222030
1302030
2030301
3202020
12213
111
230220
2012310
3200301
1103220
100101
3200310
301122
100233
2010201
3210003
3210000
221301
3230100
12120
122301
311001
320001
3103002
1232100
3210012
20100
2012301
1311
2102001
1212000
1320000
22113
303120
1023120
2102010
1023
1212003
1320003
1001310
3210300
1210023
102213
1320012
2102031
301131
1101033
201201
1033020
2011200
2011203
3222000
1230102
1210002
1020330
23013
2221200
2110002
1031031
210123
1212030
2030211
13122
2110020
231
2110023
213102
200211
2110032
1001301
1031022
220302
3200211
2102100
2102103
1033002
100230
120312
212130
2030202
3200220
3103110
111330
311010
3103101
2102130
202200
231000
311013
320013
2122002
31131
323001
320010
311022
3210201
230001
3210210
3113100
130221
1322010
3121020
22320
1002330
113310
313002
2223
200202
1033110
1002321
131013
3121002
1123200
321012
2102202
3103020
1103103
1103100
103002
2132001
2102220
1002312
2132010
110001
110133
1033101
32121
1011300
1103130
2013201
11322
32220
1010232
2110200
131202
2110203
3002001
30213
22212
3113001
203202
2013210
30312
3002013
1030311
3002010
301101
1232001
1000323
1010223
3103200
2130102
1220301
302103
303
2102301
1000311
2130
1232010
1310220
2132100
2102310
213120
321030
1230021
1230003
100221
2130120
300120
202212
23112
323010
121230
1000302
1200213
1010220
113301
302100
1230012
1310202
22011
2122200
23310
2031120
20130
311100
122022
132201
1012320
2110302
103131
302112
20103
201222
230022
2110320
3302001
2011032
102201
3002130
3321
20301
123210
3002121
2130201
2301021
1003320
2011020
2011023
1010331
21030
2301000
2031102
2301003
3010023
3010020
200232
1012302
201210
202203
1020231
1200300
3002112
3010002
302121
110130
130212
3002103
3002100
1010313
1003311
231012
133200
313101
2103
1020222
2301030
1010310
1101003
1101000
3010011
10113
1202301
201213
2013102
120300
200220
3002031
1200321
3002022
1202310
2130300
1103001
10020
3022101
2313000
1020210
1103010
3121200
23001
101010
3022110
1020213
1220202
2031030
1200312
330000
1010301
200223
310131
3010203
3010200
1310031
321000
102330
1103022
131220
2321010
13023
3002220
231003
230010
2321001
131001
1020201
1103031
2031021
3010131
3022020
3010122
12231
2013030
1030230
3002211
3022011
33201
331002
3310200
3002202
220101
2013012
30111
300210
1013310
1022301
202230
231030
1220220
3010113
3010110
2013021
120033
3010101
10230
1011330
3032010
300213
2301
1030221
3010320
321003
300222
3201
233010
120030
1310103
302202
13101
3032001
1310100
1131
2013000
3022200
2013003
203211
1330200
1030212
1013301
1020300
3310002
3010302
122013
1030203
320022
232020
3302100
200001
1011303
321
322002
3310020
30201
300231
122010
1030200
202221
231021
101133
2202030
1310130
30300
302211
3010221
20133
3010212
331020
2001312
1323
320031
3201102
102321
233001
3010230
1113300
3310101
3002301
2001321
322011
2210013
12030
201231
3310110
2210010
230031
2001303
2210001
1330002
23100
2210031
2033010
31200
1203201
1330011
2210022
3032100
201000
331011
2033001
220113
302220
232011
1203210
1330020
130200
1201200
2202102
310110
1030302
1201203
1230
1021320
322020
2031
2202120
1023300
2220012
222102
3030201
2220003
2220000
2220030
1330101
11022
1201002
2220021
2210100
2210103
1021302
120
101130
312102
112230
3221100
221100
1201023
100200
3201003
3201000
10200
111300
113022
1201032
1300320
2001222
3201021
1300311
2021301
3201030
1310022
2232000
221103
111303
2220102
2021310
103110
320121
1310013
1201020
2220120
1310010
322101
2001201
2210202
102312
2001213
1310001
310122
300201
2001210
2313
2003301
1131300
10332
201012
111033
100203
3213000
2101002
2202300
20232
220110
2003310
1203030
2101020
2101023
322110
230310
22311
2101032
3213
220131
12000
310200
3221010
3221001
1031301
122001
113013
1022310
30033
12132
222120
30132
3102102
223110
2210310
122130
1110003
1203102
20031
201003
1110000
311130
30330
200010
20322
3120
22203
2001120
301203
10131
310203
2001123
132000
3120030
330012
230301
3120021
320130
31032
3120012
2121003
2121000
13002
1221000
3102030
303201
1300200
312201
3120003
23130
3102021
103101
31230
1110033
3102012
12210
1110030
132003
23103
13320
1223010
330003
2003202
3102000
1203120
2001102
301212
210210
23301
3112020
20121
2101200
2003211
2101203
120012
310212
1221030
111030
121203
2131002
1300230
223101
3112002
332010
2131020
1223001
2101230
1300221
203013
110100
3102210
202020
110232
31122
3110130
121200
3102201
1300212
21021
301221
11202
310221
1032300
100320
110103
210213
133002
12312
113010
201030
2113200
202023
2021130
203001
2001030
3132000
2101302
300303
3120102
2001033
103230
2001012
3102120
3110301
330021
2003121
102300
2001021
2023200
300300
30
2021100
2003130
301302
32211
3013002
320100
100323
1110
3301020
3001101
30303
3013020
2003112
3301002
3001122
33120
211200
3301011
201021
3001113
3102300
1130010
320112
1002
3110220
1130001
2003103
1203012
3023001
2300031
133011
1130022
2300022
3110202
2300010
1130013
2300013
1132002
2300001
102303
1302
3001032
213201
221130
200031
2121300
2021031
11001
3120210
3001011
20220
3120201
132021
3001002
3001023
3001020
102033
2232
2021013
3132
2021010
2021022
301320
3001230
3001221
2003031
2023110
2010
321120
3013101
21120
3011010
3021030
203031
3001203
303300
3001200
103221
323100
301230
3000
3101031
2101320
1100001
212202
3021012
2021001
203310
3101130
120003
2310030
23211
1301013
231201
3021021
3311010
3021201
3001212
1300122
3031101
3102003
3122100
1302102
3220101
101223
3021000
1123020
3021003
1320210
23010
2212200
210231
1300113
101031
2023101
3110310
2320011
33300
120000
3013011
132210
1300110
1031013
120132
2320002
332100
1301202
22002
11220
3311001
1100301
1302120
2020200
3031020
3301200
1303002
100311
1130031
301311
1100313
1202130
1100310
300330
2020221
3001131
2001231
12321
3031002
211203
1100322
3001110
1013100
2302200
330111
1102302
3031011
131310
3101310
1001001
132030
213210
3131010
3021210
121320
311220
1101303
2000031
330030
1100331
3120120
2312100
110010
102021
311202
31212
21210
330120
22110
32310
1131000
203022
1230120
1202103
1102320
130302
102030
210222
31221
201300
110223
2021103
102120
3330
32013
1203003
3211020
3220002
113130
312120
313110
130311
310101
1120002
101313
2300211
1031310
310113
32301
2021220
3003000
3201012
1101030
203130
2201001
2202012
3200001
3001320
311103
320103
101100
2320110
321102
112200
103122
101232
203220
3013200
312030
123300
2320101
330102
3030300
10023
223200
1320021
202032
2002011
3011301
201303
332001
2213100
132012
1202100
230103
1231200
32010
3000012
1120230
1320030
1320201
2011002
1200303
100020
313200
3030021
2031000
2023011
112203
3001311
10110
30102
3021120
3003
3300000
3300003
3001302
3022002
2023020
320202
220212
2321100
2201022
1230000
131010
3021102
221310
1200210
2201013
220320
232002
30003
231120
1001313
2201010
3020121
1220310
1002210
3301101
3020100
3031110
1302201
1003203
103212
1001331
1322100
101013
2201031
1233000
11103
1003302
113001
2023002
1002300
2112
2210220
2302011
1320120
3010032
120303
3200103
1220103
1301001
2110230
1001232
13113
3200112
2320200
113220
3021300
2030013
3312
230100
11232
3200121
211302
1200330
2003220
2222010
21222
3200130
3030
2030121
1120023
30222
120222
203010
1030320
2202000
1000320
112302
2203200
3113010
211020
13020
2030112
310230
312021
12222
2202
13203
2002110
200301
2201100
2031012
2201103
1000332
2001330
3110103
301002
33111
210201
1200003
1001022
2031003
2103003
2002230
3220011
200310
2103021
2301300
1303020
1312020
1002231
330210
312210
11331
3220020
1203021
3100011
2030130
3011310
1301031
1010322
2310210
1302210
222300
11133
3310011
1303011
22131
101301
321210
103302
2312010
2022000
3222
101322
1320102
2003013
3101220
3212100
231300
1301022
20223
2003022
2011320
1312200
123030
1300203
2001132
120330
123102
10032
120213
1100202
110220
2011302
30012
131301
2223000
12300
2100201
2201130
1200
1300131
2222001
1301010
1120302
1002021
200013
1010022
3013110
2122020
203301
20202
300312
3012102
303000
1300101
202002
23031
200322
3201300
3230001
1032102
210003
232101
2322000
1102200
3110013
321201
130203
1122300
3220110
2310
1002012
1030122
2002302
130032
3012
32031
2012220
3200010
331101
1120320
10320
120123
2203020
1302000
1120200
1002000
1100133
3202011
1100223
2301012
1100220
3200013
101103
13230
1213020
1103301
2201202
3200022
2010123
1100232
2022
2000223
201330
202311
2231001
3200031
2201220
2211003
200022
1022130
120120
1000230
103113
1002003
1000233
100332
31302
101001
120021
2231010
20313
3321000
3200202
111000
300321
3300210
1200222
2030220
2211
1023003
2312001
1000200
2211300
1102230
132300
2020302
1200231
302301
311301
213012
3000231
2112000
11223
1000020
1020312
1100010
220203
302310
122103
2100330
1023102
3212001
2002131
3011202
2120130
3120000
21000
3320100
3210
3130002
2102022
1000131
100032
2032110
200313
1032
3011100
3110010
2100000
23121
2100003
112320
3002310
231102
10212
1100013
2210301
122100
3212010
12201
311310
2220
1003032
2201310
1213200
300030
21213
2100012
2100021
2201301
212031
1100022
1210020
2031300
2102013
1303110
1310310
13302
2100030
103011
1001013
2100033
22023
2011230
1100031
111003
302001
202011
110313
2220300
202302
101220
1303101
1310301
2130210
3103011
2231100
130113
1030002
3000210
201
1010001
3303
133020
132120
1003023
3030210
2113020
1102032
1323000
102012
23202
2010222
220311
210000
1332000
3100122
30000
1230300
1210032
1032000
1321020
130230
2010132
3100113
3101301
1210320
1210230
2013300
1102203
1103202
103032
1221003
113031
13311
212001
330300
201312
2112003
211230
1003020
2120310
230112
3102
3110001
3100002
1320300
2021202
212220
30231
3100302
3100200
33000
2100102
313020
1001031
22020
2200221
1012002
103200
331110
3101022
1122
22302
122310
2213001
2112030
3123
21201
11301
3101013
2100120
1021230
2100123
3202110
3202101
103020
31002
2010120
1233
3101010
123021
202131
1003011
2100132
1002033
3200100
101022
2030022
2010102
3101001
12012
3111030
10323
2120001
213000
1120020
113103
1120203
2001000
120201
2120010
1100130
12
2202021
220200
210
2120013
1021203
1030131
1003002
1132020
1321002
2120022
210102
3031200
121302
1031103
131031
1023210
1021002
2120031
3201201
30123
11313
1133100
1011000
3111003
103023
3111000
3023100
3023010
130023
1100103
1101330
1100100
1322001
210021
2300202
2300100
2330001
1032210
1031220
230211
13200
10011
2300220
2012202
1011
21012
3101202
12003
1210203
3111300
30321
31020
2210130
211002
103203
201033
10311
221010
331200
2320020
2100210
2031201
2100213
1110300
12033
2130000
1013022
2130003
21
2130012
2222100
2302101
2100222
322200
1003110
2031210
21132
32022
2130021
1330110
33102
2100231
201321
1133010
31023
1203000
1300302
2103210
2130030
1302300
1223100
2002023
2120103
2002020
2120100
100302
1031130
2003100
102210
2001003
1200123
1203
2100
3131001
2212002
2113002
1213002
230130
210012
3220200
21003
2010033
303210
3110100
1202022
1221300
23220
30030
22200
2202201
2202210
130020
2103201
31320
1221
2121030
3300030
2322
21312
320211
220122
110202
1013013
130320
2010021
3101103
130122
3101100
3211200
333000
2030103
232110
1123002
122031
1013010
3131100
2030100
1013001
1122000
203121
300123
2012130
100131
2100300
1122003
2100303
212103
2010030
20211
130002
3000132
1020321
2230110
1033011
200100
2100312
213300
302130
3201120
1311300
3123000
3010311
1231020
1312002
2100321
2010000
2032200
2010003
10221
1020303
2013120
1001322
1002303
202320
2010012
1120032
321021
2212020
320220
121032
31113
2001300
3302010
2202003
20010
2120202
2012010
123201
3012003
32112
3012000
2012100
2033100
2012103
221202
200331
1231002
300132
100212
301200
1122030
1103013
230013
31101
200103
230121
3301110
2120220
