1
2020021
100222
3013000
2110300
13030
220012
3001102
2020030
103030
300001
2011030
2001001
1000300
1030
31030
221002
3301000
100021
3001120
3100201
102100
12013
2020003
2020000
30022
211030
301300
113200
200230
2003101
3000010
2020012
202201
1130002
320110
21220
1130020
22120
310300
23101
2301010
210100
100123
3130
3000022
30220
110230
3110200
231010
20212
1010320
3010021
2002030
1132000
3001030
2030020
11032
13201
10012
3000001
3002110
102001
3010000
120202
2011000
123010
2002003
2011003
200032
1300102
3000211
2311000
213001
2310010
31021
3010012
1012300
300130
3020020
22
230020
2200
22012
32020
11230
10210
1102003
102103
2030011
3100
1020220
2012020
3020011
203200
1103002
210103
221200
3002020
130012
200221
300010
310003
232000
21310
1000132
30211
22210
200113
1200301
3020002
10303
1201300
103120
1003
2301100
30310
2300110
20302
1002103
1030120
300013
231001
3010210
2012002
1213000
1220200
131002
303001
312001
330001
1200100
3010201
1200103
3012010
12130
2003020
1300120
1000123
3030001
3000112
1103020
31012
202102
3001
1002100
3021010
2031010
1033
3000100
100213
2203
2310100
1100302
2320000
10222
301012
3000121
3103
230011
31210
30103
302200
3010120
210031
12103
100012
3031000
22102
1000102
203020
1210
30202
120001
210220
311200
320200
102130
1102300
221020
1200130
1200001
22300
2031001
101302
30301
12010
1002310
311020
3011020
20101
113002
2003002
2022010
3022000
113020
300211
2013010
3000301
2000320
220102
3300010
122020
120130
1030210
3010102
2030110
3101002
1100320
1012
101200
1000222
112300
10102
23002
1000231
210010
1210300
3101200
3020101
202030
10330
301021
310021
222010
3001012
20011
2101030
2000311
3020110
31102
32002
301030
201100
1031020
3100000
102031
120010
2013001
202
11203
2101300
13
1100020
1003120
303010
2000131
1031002
2302
1002202
32200
23200
20020
132100
21001
130120
2110
201022
31300
3202
1300003
3310000
1020301
120031
110023
300103
220
2032000
3200011
1020031
300220
201310
2200012
1010203
2000302
231100
2122000
2201002
200311
1100032
220300
11002
12022
2200000
33001
2200003
1000213
331000
200110
320020
2200030
1302001
220030
121300
3000202
1030201
2200021
3300100
200002
3003010
1000201
3013
1022002
123100
300100
103012
1201003
3102100
213010
2010310
312010
3200101
1301002
200101
2001202
2100130
11320
2101003
3001300
10300
11200
211300
201202
2023000
1023010
1021000
100210
130030
1200202
1300012
102220
310102
112003
1003030
1013020
3200110
3201100
201301
201031
300112
1012030
1021
1020010
3301
310012
2031100
121030
1330000
100300
1100200
2001301
130003
11302
1300000
20110
1022020
122002
130102
3000031
2210002
130201
130210
220210
130300
3011002
130
2300101
1021003
2021002
2001310
203110
2013100
2212000
1010023
1010032
1302100
210310
120100
110002
200131
21202
2200102
21301
301
230101
200302
3020200
102202
1002010
1020130
3003100
2200120
1203001
2202100
3000013
101032
1021030
2021020
210013
3001021
2101
1001230
3210100
313
13012
2300002
1203010
101023
2000212
1300021
2300011
1320100
10312
3010
230110
2002012
2002021
3100120
21010
1310200
302110
2220010
1300030
1030300
30010
202120
1302010
2000221
1020013
112
2220001
10033
101230
220120
1100203
2020300
20002
1032010
103021
1003210
1102
1120300
132010
1000030
130000
1200010
102301
2301001
1032001
102013
1003201
102022
1213
30112
101020
3001000
31120
20200
32110
3001003
23020
1010200
301120
2000200
23110
1231
3100210
3021001
23011
32011
2000203
2032
33010
10231
2200201
1312000
303100
312100
203101
100
1200031
1030021
1020022
103
3120100
120220
200122
3201010
3202000
2003011
2202001
2002300
1002001
2001013
321100
13120
13210
2201200
12310
1201030
13102
3011200
1020103
2001220
2311
100312
1100230
1002013
2010220
22000
102010
100201
3100102
2001022
310000
1200013
30001
1001200
1000021
112030
1202002
1020100
2001031
21100
12220
3200020
2220100
1001032
1002022
310210
3100300
1100002
202012
100000
30013
1030003
322
123001
100132
212002
201010
2103100
1000003
202003
1000012
1001203
13300
3210001
3211
100303
2010202
302011
302020
3210010
3211000
1321000
1310002
1120
30121
1000000
30130
2210020
3102001
1030000
3130000
13003
20131
3103000
1000033
2200300
3112
2100001
131020
2212
330100
232
213100
2020210
2101000
3310
202300
2100010
1123000
2100013
220000
10132
101320
2102002
3120001
2230000
201013
2002
2103001
2100022
3120010
1320001
3100030
300310
100033
100321
2110003
1230100
1003300
2103010
2000113
3110002
2102020
1000210
30100
1320010
12031
3031
1201
3220000
2113
1013200
1032100
1001020
210130
2110030
310201
300022
1210000
2000122
121
13021
1031200
2000101
301003
302002
2020201
2300200
100003
300202
1001302
1102030
10123
112000
3100012
3100021
2000023
2002210
2122
2210200
2110000
200023
2000110
1002130
201001
1303000
1312
311002
211000
1201000
103300
110200
3100003
1012000
2010130
10021
1030012
21022
200212
1030102
2200210
210001
2113000
1003021
1021300
313000
3110020
1023100
100330
1210003
2100100
33100
2100103
1012003
1010020
200200
3200200
322000
200320
2001103
320002
3101020
2002201
300301
12202
100102
2011
1002220
1210030
110020
1003012
330010
300031
310120
2023
1001023
1033000
12301
11023
200011
10003
1220002
1100023
2021200
2010100
1003000
2010103
2030200
2001130
1200310
1300210
103201
2120002
21031
2221
2203000
22030
3121
2020
132001
2011300
20023
120022
1300201
201130
1203100
301000
1000
210301
100231
22021
10030
321001
1003003
2120020
31201
10321
1020202
320011
200020
210022
10
10201
220201
1010002
1123
20113
3200002
3201001
230200
2022100
100030
301210
2000032
3102010
102310
103210
3021100
2003200
12001
20221
201103
2012200
120310
2001100
1001320
230002
20311
211
2010301
1330
103102
1310020
1030030
1103200
2100202
223
1301020
2221000
2020120
202000
203011
2020102
2100031
3121000
31003
2320
2102200
2130001
1202020
1202200
1200022
3022
2100220
201220
2131000
200203
331
2130010
3000130
1001002
3030010
1220020
321010
3112000
1222000
1321
20032
12100
1023001
21013
310
110320
130021
131200
3000103
2000230
120013
1000312
2000002
133000
301102
1003102
110203
2202010
211003
110302
122200
20230
222001
1102000
223000
103003
3220
3010030
2002120
202021
10213
2000011
31000
1301200
2300020
1120000
2000020
1000330
310030
2002102
3002101
1120003
3002002
1130200
121003
2302000
1010230
31
1000321
20203
2002000
3012100
101002
220003
120103
212200
2010022
10120
301201
1010302
2030101
101203
3002200
3001210
1132
1020310
20320
3002011
1022200
2100301
110032
2010031
133
121000
2201020
202210
2130100
1002031
3010003
2100310
3010300
203002
30031
3000220
1300
21130
1002301
210202
32101
2010001
3030100
1013002
1000120
2310001
22003
103000
3000310
1120030
2010013
100120
220021
13000
1020001
20122
1222
2022001
1230001
2001010
21103
3001201
222100
2010010
1300300
2120200
300121
1303
3012001
2030002
1000303
3300001
2131
120301
1200220
11020
1230010
10000
1231000
302101
212020
22201
320101
2230
3003001
2003110
