2
222200
102200
230021
233000
113300
2132
1000301
1010
3302000
1223
100223
110330
232001
3000011
30311
3002120
13100
300122
2130200
2301020
3000032
100022
10322
200231
202202
3010031
3000020
120302
3010022
310310
1020230
2030021
2120300
1031
3000002
1023002
2231
3010001
2030030
3131
1003310
313100
102203
320
2030003
3000200
3020021
130013
2030000
1001330
102002
300131
3020030
3000221
220202
3002030
3000212
1010303
3020012
1103003
1103000
3022100
131003
2012030
1000133
2330
3020003
1000130
2032100
3032
202100
2012000
2012003
3030011
1202300
1010300
31103
32003
33200
3010202
1020203
231002
1310030
3000113
3030002
3000110
32201
23300
3230
2321000
3000101
20120
3012020
210032
3300200
202103
3010130
32300
220103
11300
12200
302201
230012
131000
3002210
3022010
1130
2301200
1020320
3002201
3300020
1022300
3012200
13031
3000302
200120
2000321
21020
300212
3010103
3010100
3020120
30020
3000320
1000223
2000330
3020102
1002200
203210
321002
1020302
3032000
3310010
20210
113030
2013002
2000312
212
1002203
2032010
3030101
1013300
3310001
1322
101000
3000230
12302
3030110
2000300
13202
2200013
123200
1030202
2000303
2200010
2303
320021
2200001
300230
2200031
3203
22010
1220300
3020300
2200022
2202002
302210
102320
3300110
10331
2202020
1100
200003
1000202
20102
310103
130202
201230
230030
1013
320030
2030
2001320
330200
100010
2001302
2210000
1330001
2210003
101003
2210
3110
1133
232010
3302
1330010
2033000
2200100
310100
2200103
2000231
21002
30002
200132
3020210
1003220
101330
10223
2000213
231020
2200130
1030301
2000210
3030200
1330100
2220002
2000222
10130
2020301
2220020
3011
2222000
1000031
20231
2000
13001
122
1003202
103310
2230001
1000022
2200202
3201002
1200032
2230010
2200220
2202200
2002301
203102
3203000
210302
11030
200123
1103
301001
1202000
3201020
202001
120023
130130
33020
22031
1300310
1200020
2001230
1200023
1232
1300301
20123
2033
320120
120020
2001200
100202
12023
2001203
1000013
320300
1000010
300200
1310003
20321
1310000
2000132
100001
2003300
2200301
100133
2230100
1202030
122003
220001
10301
1130300
2020220
2103002
2200310
21023
10022
203000
1003301
122000
210200
200021
2103020
221000
1313000
2000120
3100031
2220200
2020202
2000123
3100022
2000102
300023
3221000
3100013
2210300
302003
1031300
2002220
3100010
2003
3100001
1001033
220130
201002
300020
23021
1202
20000
233
103301
22013
301202
223100
212300
3110000
300032
100331
1220003
310202
103100
3120020
1000100
302012
200012
1010000
312200
100130
1300202
2020130
3120002
10232
132002
303200
3102020
1010003
1331000
2222
3122
330002
2000033
110300
3130010
3102002
3130001
221
11000
30131
1220030
1001000
2003210
2020103
2020100
203120
13010
2002130
210320
110303
203012
3100103
1001003
3100100
200033
222002
2000000
1300220
230300
2000003
3023
3102200
1331
301220
133001
3122000
31031
2002100
2022200
110033
2002103
202022
310220
1001
3100310
1003100
3221
3100301
1002032
300302
1020002
21320
30221
22220
3003020
32
2001032
30320
201032
330020
10310
203003
3110300
202010
2003120
1002023
221003
2001020
12320
10031
220022
2001023
320102
3130100
3013010
3003002
33011
210203
3100220
3013001
23120
3320
3001103
32120
1301
2020031
201020
30113
202013
2001002
3301001
3100202
3301010
30212
220010
102302
133010
22310
2003102
1130000
2020013
2020010
2302010
1320200
2300030
2302001
2002022
330110
2300021
10202
201023
1203020
200030
2300012
2300000
23012
2102
2002031
3001031
300002
1301300
220013
2021030
102032
32012
2002001
1300103
3001010
1203002
222020
332
1300100
3001001
23210
3003110
2002010
330101
223010
31310
3001022
21302
110030
22202
120203
20003
23
30302
103220
2300120
120002
3001220
2201
20201
3003101
210230
120200
2302100
1010033
3013100
3101
2310020
3001202
1010030
2021003
2300102
3011003
3011000
230210
100313
3021020
23102
32102
31202
2003021
12002
3021002
22001
2023100
301010
2320010
2022020
2320001
1100300
102230
221030
301013
2003000
3001130
2003003
301022
3031010
10001
2022002
213200
223001
2300210
101300
103022
2300
2330000
1022030
3200
3021200
10133
2012
312002
230201
1032200
2310200
3003200
201302
301031
310031
1031003
230102
1320020
2320100
1013030
303011
131030
100310
11033
1031000
2023010
1020032
2201000
3001310
2201003
101303
2010320
3001301
2203001
2300300
3011300
200312
30011
3301100
1022003
11
1230200
300101
2201030
2203010
1020020
3210020
300110
1301003
1022000
3200102
303020
101033
130301
3031100
313010
3200120
20300
1300001
33002
200300
2010302
2213000
2203100
102020
103013
30101
1301030
1302020
1303010
21200
22100
210002
30200
1300031
130100
131300
1303001
1030031
3230000
113
203300
221300
1300022
1302002
200321
300311
1300013
120320
2213
23000
3113
31001
1032002
1023020
3200003
331100
3200000
101
3220100
10103
31100
32000
2231000
100301
102023
101030
3202001
202310
3200012
3200021
10010
310001
130031
3200030
303110
100232
1002002
2030300
300320
122300
302300
311300
1100003
3200300
201320
230120
11003
2010200
2010203
3212000
103010
3103010
220310
13013
3103001
311000
320000
2100002
232100
2120
3212
2102000
2102003
3003011
1001030
10013
2100020
2201300
1320002
1200203
1133000
31010
202301
1000001
1022
31013
1130003
100100
1100033
2100032
1100030
2000021
20033
301130
311030
2123000
10100
3101000
3220001
2300003
2303000
2102030
1303100
1310300
2020022
1200320
3020000
1030130
3210200
1003022
31022
320003
31301
13220
310010
300011
100322
100013
1100303
1030220
3002300
230
2013020
1001303
220100
20312
10220
213020
3300101
311003
310301
3010301
30110
2102300
2003030
1031030
123002
3010220
201203
2031002
220031
1230020
100220
1301000
200210
2030210
1033010
3030020
131
3311
3010010
220301
3011030
2301002
2021000
1300130
3000023
130001
1001300
2210030
22022
3101030
313001
322001
2002310
3200201
30023
3113000
3001013
1000232
3002000
3200210
213002
231200
110
1030010
212003
1310
320201
1032020
302030
2312000
133100
20132
302120
3300011
1300010
1003010
1103300
1033001
1002020
301301
2000012
3210002
2030201
200213
210020
1223000
1003001
1313
2321
2120003
2120000
3103100
20330
2000030
3010013
1030022
2010230
2000201
13130
2100302
1200002
103103
2300201
10313
21203
3020
3020201
3202010
123020
2103200
1130030
3110003
20303
1003013
33101
203030
323000
2120030
1322000
200222
302021
103202
300203
2023001
220220
22130
203
2021
1220000
1003130
200000
322010
310013
1100330
202130
21032
2003201
130310
13103
30203
200201
2030012
30032
103001
120032
1003031
321200
113003
100103
3100130
2100200
12020
2100203
3220010
1002230
332000
113000
1002320
21230
130022
230003
100031
3101003
2031200
330011
122030
210023
2130002
130220
30230
1010330
2002202
130103
3201200
20222
1203200
2123
1023200
2130020
2132000
22103
2100230
323
13301
1030100
3202100
1202003
1220
1020023
2020310
1030103
20213
310022
320012
3320000
3310100
20012
1033100
302000
22301
302
2100023
3110030
3131000
202031
13310
2012300
301103
3311000
1030001
1000103
23030
322100
2010032
312020
2021300
12203
1100000
2013200
1030013
200330
203201
110000
2032001
3022001
1000331
3002003
1002302
32030
303101
31130
23003
201200
200303
32210
120230
2010020
320210
2010023
2030120
3001100
203021
2030102
30122
321020
3002021
301100
132020
331010
3002012
3002
1013000
1000322
1030310
12032
302102
300113
110003
200
212030
3000203
1232000
13022
1000313
1302200
1020200
33110
1000310
23201
20021
1200230
1013003
331001
202220
311
300221
1003103
2020001
212000
2010002
3002102
2100320
103031
3120200
11330
3010310
1000220
2312
12230
3000311
31220
230000
1230002
20
1200200
303002
3031001
200102
3012002
3101300
2031020
3300002
3000131
1103030
103130
3000122
310130
2003012
132200
130010
2310002
11303
20030
2002013
1200302
32021
301310
3023000
