2
10130
102200
1201001
1002020
3011
1301
1100210
201020
12011
2001002
1011002
1010
2000
13001
1020110
31001
1022
12110
3200000
220010
101
10103
31100
3000011
1130000
100301
2020010
1002011
20111
101030
2011010
100022
102101
3000020
11030
200030
301001
310001
2300000
1310
202001
2102
1002002
111200
110
3000002
300002
200000
1201010
1020101
3010001
2011001
113000
3001010
1100000
320
101210
2001200
1300100
100202
11003
2010200
20030
1000013
21011
3010010
1000010
300200
302000
103010
201011
110030
1310000
1021010
11102
100001
1102001
20003
23
311000
320000
2100002
1002110
1100012
2120
1103000
220001
10301
1110200
2102000
120002
20
2201
20201
2100020
120200
300011
3020000
3101
1000130
203000
100103
202100
1010030
210200
2012000
200021
2021000
220100
3011000
1010300
2000120
10121
1121
1021001
112010
2000102
1200101
12002
1201100
1000112
302
111002
22001
101120
301010
2110001
100112
1002101
1012010
2111000
1012001
120101
2003
211010
1100300
200210
310010
201002
1020200
102110
1010000
230
2003000
1210001
3100001
12200
1001300
1010021
3100010
10211
110000
1110002
111020
1000103
2101100
1011200
1102010
20000
2101010
11021
1130
10001
1112000
1202000
1000001
1101020
1100021
101300
100031
2300
3110000
2000201
1100030
3101000
1112
101021
1001210
1000100
3002
100013
3200
131000
10100
110021
210020
110120
1003001
21020
1200110
200003
1220000
103100
3010100
2012
30020
10010
30200
2001110
1021100
200012
2120000
100130
2010110
11201
11300
3020
1030010
2000000
1120100
2100101
1002200
2100110
1001021
112001
1110020
1211
1210010
1010003
2110010
1211000
2110100
1003010
1100201
1010102
2020100
1103
20210
1100102
200
20102
1001030
1030100
121010
122000
110201
201101
110012
110300
1001012
3110
200201
21002
1200011
2001101
1010120
2100011
2101001
122
100310
221
101000
12020
1000211
1001000
112100
2000021
1031000
10013
1000220
2021
1220
1102100
203
2200010
221000
1210100
13010
100100
2200001
211001
13100
120020
1001201
2111
2000030
32000
1100120
10112
22010
1200020
300020
1001003
3100100
10202
2010101
30011
1012100
1300001
101102
2000300
200111
20300
21110
21200
11
30110
120110
300101
2000003
3000110
1001120
2000012
1121000
30101
1020020
1000202
2100200
300110
1120010
10220
110210
1022000
1101200
130010
100211
210011
3001100
2020001
1300010
2002100
1301000
1120001
1013
10022
2011100
2030
1202
1001
3002000
102011
121100
1020011
201200
1001102
211100
2201000
100010
200300
230000
1003100
101012
1101002
2210000
11012
11120
2002010
301100
2030000
2001020
101003
2210
1013000
131
3000200
103001
100220
120011
110003
1020002
110102
31010
21101
201110
2200100
310100
1000121
12101
1000310
3000101
20021
102020
32
1011020
11000
311
1200200
2002001
30002
1030001
2010002
210101
10310
212000
2010020
2000111
11210
1010210
202010
200120
210110
121001
1031
1100
2001011
2010011
23000
22100
200102
130001
210002
10031
3001001
1100003
1000031
130100
2000210
102002
1010201
212
101201
1000301
20120
20012
1200002
1010012
1000022
100121
113
