2
222200
320231
3123200
2132
1010
230123
1223
110330
3000011
2303000
13100
2303003
3000032
100022
10322
3000023
3000020
310310
13232
2120303
2030021
2120300
322220
1031
3000002
1023002
203321
3312020
2030030
2303030
2303021
3323
332210
2120330
2303012
2012033
3000203
3000200
3020021
130013
2030000
232130
102002
3020030
3000221
3020033
3113300
220202
3000212
312302
3020012
1203302
202331
3322010
320312
2303102
330230
2012030
3030023
1000133
2330
3020003
1000130
2032100
3030032
3322001
3032
202100
2012000
103322
3030011
1130330
32003
2303120
13310
2323001
233120
3000113
3030002
3000110
3012032
32201
3300221
3230
3000101
3012023
20120
3000131
210032
3300203
3300200
202103
120233
32300
11300
21233
1203320
22133
3012230
212033
3000332
1000103
3320120
3300230
2323010
120230
2301200
2331002
2301203
3300023
3300020
313310
3012203
3020132
3012200
3320102
13031
3300032
3000302
200120
2000321
322310
3020120
30020
3020123
3000320
1313300
1000223
2000330
2331020
213032
1002200
3330101
220232
2032031
3330110
330203
20210
2000312
101333
2032022
3030122
212
1002203
2032010
3030131
3030101
222203
3000233
3000230
12302
123002
2000300
3030113
2200013
2000303
3020312
213020
33032
3131300
3020321
220220
3203
3300131
3320210
3300101
2200022
3020303
311330
3320000
3320003
3300113
1200200
2301320
320330
1000202
1200203
3330200
213023
3320021
212030
1013
1223300
220223
2030
3320030
330200
3012302
100010
3020231
3320012
2020322
3012320
3203120
2210
3020213
3110
223220
31010
3020222
2020331
2200103
3330011
2020310
21002
330221
200132
3020210
1003220
101330
3330002
10223
2000213
2200133
130001
2200130
130133
21332
2002322
22232
133100
1200002
2000222
2331200
1331030
3330020
2020301
330212
2002331
2222003
2222000
1000031
2222030
3032300
3203210
3231020
2000201
122
2002313
1003202
103310
2230001
1000022
2200202
3300311
1200032
222230
2230013
2200220
2200223
3300320
2002301
203102
3203000
32132
210302
11030
200123
1103
301001
2200232
1202000
130130
33020
3203012
110
3020330
1200020
32330
3203021
22322
1200023
3203030
2230031
330302
12023
1000013
1313030
1000010
3201320
2000132
2020232
2200301
100133
2230100
2230103
220001
10301
1202033
203123
2020223
2200313
2020220
321302
2103002
2200310
1333100
10022
3203102
1003301
2230130
2200331
2103020
221000
1313000
2000120
122330
2220203
1002230
2002232
210323
2020202
2103032
3100022
2000102
300023
20213
3100013
202133
332300
302003
3223010
2002220
3100010
3223001
2022302
2003
2220230
3100001
3110030
1001030
3110033
300020
23021
1202
2230202
12233
3201203
3201200
2002202
330320
212300
3110000
300032
1220003
3231002
321320
33023
1000100
1220000
323300
1010000
100130
2020133
2020130
2123003
2123000
1010003
1331000
2222
1331003
3122
2000033
2220320
3130013
110300
3130010
2123030
1220033
3130001
221
11000
3100133
1220030
1001000
2000021
1333001
3100130
2020100
203120
13010
1023200
210320
2103200
2000030
3100103
1001003
3100100
2133002
3122030
222002
2000000
2230310
2000003
2133020
2000012
2103230
1003103
3122000
3122003
2002100
2022203
2022200
110033
2002103
3100322
3100310
1003100
3100313
3100301
303032
1002032
213320
1020002
30221
3003023
3003020
33212
30320
20312
2103302
3130130
3003032
1002023
221003
133130
12320
220022
3130103
3003011
3130100
2020022
33011
3100232
3100223
3100220
3303002
12203
3320
3303011
2020031
30113
3100202
1230302
30212
2020001
203132
103031
210332
2020010
2302010
2302013
3130031
2302001
2002022
3303020
3130022
102233
23012
2102
2002031
31013
300002
1301300
220013
2002001
3003122
2123300
2002013
230213
332
3003113
23210
3003110
2002010
3122300
2310002
31310
1030130
21302
1230320
3003131
3130220
120203
20003
3130202
2310032
2300120
3011033
3011030
20201
3003101
120200
3100331
300011
1010033
2302103
2310020
2310023
1010030
2300102
3011003
3011000
231203
230210
222023
32102
2022032
31202
2003021
12002
2322002
301010
3023120
2022023
2022020
3023102
310010
221030
1023230
230
310013
113330
3033110
3002
2003003
212330
3120320
131033
2330012
1303130
10001
2022002
303002
2300210
101300
231200
2300
2330000
3033101
3120302
3003212
3200
1033130
3023030
10133
1022033
3003230
331301
312002
3023012
230201
1032200
3003221
3130310
3023021
2330030
2310203
3130301
2310200
2330021
1003133
3003203
3003200
1013033
301031
310031
1031003
220031
1013030
303011
21323
22223
131030
3033020
13322
2300312
1031000
2310230
1020032
3033002
3311030
101303
3033011
2330102
2010323
3303101
3023210
2300300
3011303
1303202
3011300
3011330
1020023
1230203
2203022
311030
233201
2203013
3023201
300101
2203010
2322200
3210023
1020020
3210020
300110
3210032
230231
130103
313013
2310302
1300010
313010
3202103
20300
1300001
33002
3003311
2010302
1033220
3003302
2213000
123230
313022
2330201
3003320
3031301
1230230
2203100
1303220
2203103
1032023
3303200
1302023
103013
1302020
21200
1032020
1300031
130100
1023032
120323
1030031
3230003
20033
230222
2330210
221300
1300022
1302002
3230012
313031
2030321
3023300
1023023
1300013
120320
221033
3031220
3230030
2030330
1030022
2010230
232202
3230021
1032002
1023020
2330300
10103
31100
32000
222032
2010233
303101
101030
3202001
1133003
1133000
122303
2233010
100100
32231
303110
31331
1302032
2203202
3202022
221303
303113
2012330
3202031
2203220
122300
2233001
3200303
2312
3200312
3210002
2010200
3200321
3230102
2010203
3200330
103010
3103010
1030001
3103001
311000
320000
2012300
2012303
3212
3311300
32123
2102003
1033031
1320002
2203310
100103
3210302
301130
32321
2102030
2102033
2030231
3210320
3222002
301133
302
10220
311003
1020332
1031030
201203
2030213
1031033
1033013
200210
2030210
1033010
3222020
220301
2030222
33131
10313
313001
231230
1322030
3200201
302132
1000232
3200210
23312
13223
3103130
20132
3200213
1103303
122030
1103300
1033001
3200222
2030201
233210
1313
3200231
3103103
3103100
20330
2032301
320012
20303
3230300
323000
1322000
3210203
3210200
1322003
220322
21032
232220
200201
1002332
103001
103133
12020
223301
21230
3103031
230003
3210230
3103022
130220
1030331
3103013
2132000
2132003
13301
1002323
1033103
1033100
2013230
2132030
3113030
1030322
312020
2013200
323003
203201
110000
3222200
1000331
3002003
1002302
32030
31130
3113000
201200
3113003
220313
230000
22022
1220330
301100
3002012
1232003
1000322
1030310
2032220
100220
110003
1030313
1232000
13022
1000313
321032
2102300
23201
2102303
1200230
3230210
1200233
323012
3230201
12230
1230002
2102330
103130
132200
3133001
102200
102332
230021
1232030
233000
113300
323021
1000301
3302003
3302000
100223
1331300
132203
232001
3002123
3002120
300122
2130200
2301020
1010333
1003331
3302030
200231
202202
3010031
1010330
120302
2033201
3010022
12332
2130230
1020230
3103310
1003322
302120
3103301
1020233
2231
3010001
3131
1003310
113033
102203
320
3010013
3010010
1001333
30203
1202303
300131
1200320
3002033
1200323
3002030
1010303
2313020
1103003
3002021
2130302
3022100
2313002
131003
1200332
33122
1200302
200222
20333
302123
2130320
220100
1010300
31103
33200
3010202
1330130
1020203
231002
1310030
310133
201233
3002222
223310
3302210
2321000
1103033
3002213
3310130
2031023
1013330
2033120
3010130
2031020
3002231
3022022
303122
1020323
302201
230012
120032
203222
3002210
1202330
1030232
3010133
2321030
3310202
3002201
232022
1022300
3032021
3022001
3032030
2013020
2013023
3010103
3010100
23033
1013303
3032012
303131
1030220
2333000
2303201
3010313
231032
203210
3022220
3302300
1020302
3032003
3032000
3310010
3310220
3010331
200
2013002
3310013
230033
1013300
1330202
233012
101000
2313200
3010301
13202
10013
123200
1030202
1332200
3302102
320021
1330031
2001332
300230
1330220
333002
3310022
232013
22010
1220300
3002312
3310031
302210
102320
10331
30110
3002330
2202023
200003
320033
20102
310103
302213
3022130
322013
2202032
202223
231023
3010232
3002303
3310100
3002300
3310103
2033030
2001323
322010
2033021
1330001
133220
3032120
2210030
1203203
1133
233003
331010
3302
1330010
2033000
310100
1330013
2033003
1023302
3022310
322022
2210033
3030230
331013
1330022
132230
3022301
3221030
231020
3030221
1030301
30233
130331
1330100
3030203
2321300
233030
1330103
10130
30332
2220023
2220020
322031
303221
20231
2021330
332030
2000
2220032
13001
1300331
3201002
2001233
31133
23132
2202203
13133
1300322
31232
3201023
2232020
23330
1300313
2021303
1031330
2021300
3201032
332021
2003330
1300310
2232002
1033310
2001230
322103
1232
23303
1300301
20123
2033
320120
120020
2001200
100202
2003312
3310301
2001203
322100
300200
1310003
20321
1310000
2003321
1033301
1022330
2003300
1203023
3030311
2003303
203231
122003
3213002
3030320
3213020
2202302
231302
1203032
232031
21023
32222
31322
203000
122000
210200
1032230
200021
1031303
2202320
3221000
3221003
300203
2210303
123320
220130
201002
2123
11333
2210330
20000
233
22013
3221300
223100
1320302
320132
3120032
330011
130322
100331
310202
103100
220133
3120020
103232
3120023
200012
3233000
2232200
2003222
1300202
2222300
3120002
1320320
10232
3102023
303200
3102020
230303
2003231
2023310
330002
2003201
3102002
2003213
223103
1032320
30131
2003210
3102230
1300232
301223
203012
310223
1332020
103103
200033
1300223
303203
3203300
1223003
2321
1223000
332012
3023
3102200
1331
301220
232310
133001
31031
1032302
312203
202022
310220
1001
33320
3132020
12032
301232
330032
332003
300302
231320
3132002
1223030
21320
2023220
313202
1302230
32
2001032
1332002
201032
330020
10310
3110303
3110300
202010
2003120
100322
2001020
2023202
2003132
10031
13220
2001023
330023
320102
3013010
32021
232301
333020
3301022
3001103
32120
3001100
31220
3013022
13313
202013
2001002
3301001
3013013
3301010
3102302
130313
102302
133010
22310
2003102
1130000
301301
213203
1320200
3023003
333011
301310
330110
2300021
1320203
1203020
200030
2300012
2300000
2300003
3120230
3001031
301313
330113
2021030
102032
133013
1300103
3001010
1203002
3313001
3120200
3120203
1300100
3001001
1130033
20030
3313010
330101
32210
2021033
3001022
303302
22202
3001013
3013130
23
30302
103220
3001232
2312030
3323000
2023130
3001223
120002
3001220
2201
210230
1302320
330122
3013100
3101
1300133
3001202
2003033
2021003
1300130
2021000
303311
100313
3021020
23102
3021023
3110330
2320031
3021002
2023103
3031031
2023100
2320022
2320010
2320013
3031013
301322
1100300
3301202
3013031
332102
103223
3001130
133022
320201
1320230
2302202
3031010
22331
3132200
2333
203021
123302
311033
1100303
1030133
2103023
30311
113303
213302
1100330
323120
1130
313103
120023
3021200
1030013
3021203
113000
323030
3011
303212
2012
1030100
132032
332201
1322300
1030223
1100333
3102203
1313003
323102
3300302
2031302
10100
320222
2302220
3233
3001331
3013220
2332010
3300122
3301031
103313
331031
3102032
2332001
322001
3000323
2023031
2021
202031
203303
201302
313301
3220220
3013202
1030103
230102
2320103
1320020
2320100
2000123
3202013
230321
2301302
33230
2200010
2000333
3032201
1320023
2032103
2031032
3000122
3010310
3332000
3031001
3133010
2001320
3022010
130223
302330
100310
2210000
2023013
1003223
2023010
2302301
2320130
2201000
3001310
2201003
3101303
113030
222020
2023022
2032001
202220
3001301
333110
3203201
3010220
2230301
32033
2301230
201230
3321200
3321020
200312
313100
3031130
1230023
2230010
3033200
222302
3020102
311
3301103
1302203
3301100
333200
300212
2201033
11
1000310
33110
133031
2020313
1302200
103301
2032130
2203130
322130
1230020
1033202
302102
1303310
2320220
23123
3021320
132002
3200102
1013000
1020320
312032
3031103
2320202
3031100
2002310
1301000
3302201
323201
3021302
3200123
133103
3200120
132320
3321002
1233200
23321
2010023
320210
2002130
302222
2302130
230300
200300
321020
3030302
3002000
100232
2013203
3320201
2300222
3303110
3020300
3200132
123032
23030
3312200
2332100
312023
2200031
2310320
3220013
11303
1301
3230120
3102320
302021
2202002
133310
2312300
3311000
203033
13331
3020201
3331001
3220010
102020
303230
1323200
3220031
3331010
1033022
2133200
3030110
2130023
3313100
1301033
3220022
3202301
2213030
2302100
3202100
20222
30101
1023320
2302031
1301030
2300033
2302022
1303010
223010
2002223
22100
3032210
2300213
210002
30200
2031002
113003
210233
1220
131300
1002320
203030
320321
3021230
1303001
3013310
1020200
2320310
222320
2312000
1322
113
322301
203300
3013301
320300
2320301
2012003
23213
110030
310301
1002020
200321
22001
300311
321002
100013
2032013
2003000
2223020
3312002
220010
1003313
2322020
310022
23003
302030
331130
103022
3133100
2213
23000
310331
3113
223130
2002133
2033210
21020
131303
3031202
3200003
331100
3200000
23231
101
3220100
2330120
301013
3220103
2231000
302012
2231003
100301
102023
3301310
2032310
3101000
3101003
202310
200213
3220130
2301023
312230
3200012
1303031
130301
331103
1133030
220310
30011
12323
3200021
312320
10010
230030
3200033
130031
3200030
1310
321230
2231030
1303022
1130300
3301301
1230200
1202003
2202020
3201020
300320
300332
2203031
321023
323210
320003
22220
311303
1001300
300113
30323
2303300
3302120
302300
311300
1100003
1100000
201320
310313
1030010
3302021
3103220
230120
3202130
3202010
2020103
11003
3221
2030033
2102000
1001303
3202202
223202
3103202
3201230
3212000
2233100
3212003
1303301
20012
102323
30002
13013
3331100
2030303
3232100
202001
1302302
302312
233021
3200300
132302
3213200
2203301
2100002
101003
232100
1022000
1003232
2120
3300110
1003031
203213
1233020
3300212
3301220
3212030
202232
2030012
31223
2031320
3302012
2100020
2201300
2100023
2201303
333101
3021032
202301
2300321
1300220
2230022
3310001
2300123
1100033
2100032
1100030
220331
2300303
300323
331220
2030300
1303103
1310303
3220001
33113
2300330
2303
1303100
1310300
232103
33221
302303
213200
1100
1003022
1230032
223022
3223100
2001302
1022
1232300
2201330
3030212
2030312
3203003
2213003
1323002
2223002
320303
3230000
130232
302321
123023
1103000
2013320
2022320
2022230
3030020
130310
1303013
2003030
123203
1202030
3031310
2202230
2013302
310232
1103030
1002233
2223200
3100031
1032032
22031
22313
3311
3320300
1000001
3220301
2033012
223031
1310033
110303
133301
310322
1323020
1301003
3101030
321203
3301130
2302310
101033
2213300
3101033
3002132
21203
2201030
301103
202322
1310330
302000
1022003
212003
32213
3220310
31313
2300201
1220303
33302
1003013
131000
230330
3232001
1003010
2010332
2203001
2220200
303320
32312
2010320
1301303
3332
210020
1320032
1003001
320030
33311
2120003
2120000
2003123
2023301
3110003
3012020
23120
3202220
3232010
13130
1003130
331022
2300231
3001322
3231200
301331
3020
223001
201332
123020
2220302
213230
300233
2303210
1022030
33101
2330003
321200
2120030
32012
233300
2132300
103202
3001133
2120033
1032203
3031022
203
1022303
32303
102230
23300
310130
2320001
132020
200303
201023
2300132
2031230
110333
331310
1001033
223013
30032
303023
302033
3002321
100001
2103320
3002102
3003002
2100200
2103203
2100203
2312003
120332
20
200000
2031203
132023
130022
22130
100031
1103330
2031200
232010
2321003
210023
2130002
202313
30230
330131
1333010
1330310
33203
3131030
3030200
31001
330311
2130020
1130303
22103
2100230
2230220
2100233
2030132
3202310
10202
323
3311003
2300030
3023000
2020013
1130003
332120
2231300
300221
3310310
2023001
2130032
22301
201020
3131003
3013001
3131000
210203
1202300
302231
3010322
3010223
2033300
202130
3220202
203003
2010032
320213
201323
320123
1002002
2030003
3301013
200330
1330301
332000
233102
2033102
2003012
2200322
30023
3032102
2202200
313220
3022031
3201302
2030123
2200100
313130
2010020
3212300
212000
2030120
230132
13103
2030102
30122
3022103
1301330
212303
1023203
2301002
2210300
2130203
3123020
131
312200
31301
2100302
200333
310001
2323100
1133300
301202
203312
3001313
1001330
11033
130010
1031300
230312
130202
20021
1233002
1013003
3123002
23222
2100320
3013103
2100323
221330
3101330
2010002
2032202
213002
103331
2000231
11330
322202
2100332
1130030
131330
2220002
2000210
1203200
220103
331001
2200001
122033
2210003
200102
3012002
3101300
3000311
3300002
203330
331202
1000220
12200
3022202
3300011
31022
2013032
3022013
133202
303020
301022
3020000
1203230
2301032
3322100
