2000000
2300000
2330000
2333000
2333300
2333030
2333003
2330300
2330330
2330303
2330030
2330033
2330003
2303000
2303300
2303330
2303303
2303030
2303033
2303003
2300300
2300330
2300333
2300303
2300030
2300033
2300003
2030000
2033000
2033300
2033330
2033303
2033030
2033033
2033003
2030300
2030330
2030333
2030303
2030030
2030033
2030003
2003000
2003300
2003330
2003333
2003303
2003030
2003033
2003003
2000300
2000330
2000333
2000303
2000030
2000033
2000003
3200000
3230000
3233000
3233300
3233030
3233003
3230300
3230330
3230303
3230030
3230033
3230003
3203000
3203300
3203330
3203303
3203030
3203033
3203003
3200300
3200330
3200333
3200303
3200030
3200033
3200003
3320000
3323000
3323300
3323030
3323003
3320300
3320330
3320303
3320030
3320033
3320003
3332000
3332300
3332030
3332003
3333200
3333020
3333002
3330200
3330230
3330203
3330320
3330302
3330020
3330023
3330032
3330002
3302000
3302300
3302330
3302303
3302030
3302033
3302003
3303200
3303230
3303203
3303320
3303302
3303020
3303023
3303032
3303002
3300200
3300230
3300233
3300203
3300320
3300323
3300332
3300302
3300020
3300023
3300032
3300002
3020000
3023000
3023300
3023330
3023303
3023030
3023033
3023003
3020300
3020330
3020333
3020303
3020030
3020033
3020003
3032000
3032300
3032330
3032303
3032030
3032033
3032003
3033200
3033230
3033203
3033320
3033302
3033020
3033023
3033032
3033002
3030200
3030230
3030233
3030203
3030320
3030323
3030332
3030302
3030020
3030023
3030032
3030002
3002000
3002300
3002330
3002333
3002303
3002030
3002033
3002003
3003200
3003230
3003233
3003203
3003320
3003323
3003332
3003302
3003020
3003023
3003032
3003002
3000200
3000230
3000233
3000203
3000320
3000323
3000332
3000302
3000020
3000023
3000032
3000002
200000
230000
233000
233300
233330
233303
233030
233033
233003
230300
230330
230333
230303
230030
230033
230003
203000
203300
203330
203333
203303
203030
203033
203003
200300
200330
200333
200303
200030
200033
200003
320000
323000
323300
323330
323303
323030
323033
323003
320300
320330
320333
320303
320030
320033
320003
332000
332300
332330
332303
332030
332033
332003
333200
333230
333203
333320
333302
333020
333023
333032
333002
330200
330230
330233
330203
330320
330323
330332
330302
330020
330023
330032
330002
302000
302300
302330
302333
302303
302030
302033
302003
303200
303230
303233
303203
303320
303323
303332
303302
303020
303023
303032
303002
300200
300230
300233
300203
300320
300323
300332
300302
300020
300023
300032
300002
20000
23000
23300
23330
23333
23303
23030
23033
23003
20300
20330
20333
20303
20030
20033
20003
32000
32300
32330
32333
32303
32030
32033
32003
33200
33230
33233
33203
33320
33323
33332
33302
33020
33023
33032
33002
30200
30230
30233
30203
30320
30323
30332
30302
30020
30023
30032
30002
2000
2300
2330
2333
2303
2030
2033
2003
3200
3230
3233
3203
3320
3323
3332
3302
3020
3023
3032
3002
200
230
233
203
320
323
332
302
20
23
32
2
