0
2020020
20130
3013002
320100
3302010
3303000
32310
310302
3301020
2100
2001000
210330
3013020
20103
3301002
33120
230022
3100203
3100200
222000
2002032
2020002
3102300
3002130
3321
20301
2003100
3000012
2003103
2303001
2002020
3000033
2300031
3000030
1003320
232002
2002023
3010032
21030
2300022
3130020
2301003
1230300
1302300
2300013
32103
3010023
2300001
3010020
200232
1302
2030022
3001032
202203
20022
21003
3000003
32202
3000000
1203000
100023
3010002
2030031
300003
2002002
3002100
32301
120303
20220
3003120
2303010
3001002
3030
2302020
2301030
1023000
2310000
3000201
2310003
2030001
3020022
3001023
3001020
330102
2232
232200
2030013
3020031
120300
2030010
300132
3002031
3000213
3020010
3020013
3001230
3002022
3130200
10020
2303100
3003102
2003031
312300
3030021
310320
310002
3020001
30021
320310
22020
300012
3001203
303300
30120
2031030
323100
3000
2300100
330000
2300103
3030012
3000132
200223
120003
210030
3010203
3010200
2003010
2331
3102
102330
3030000
3030003
3033
2322000
300
13023
3002220
231003
230010
120000
203220
2320002
332100
3023100
3000123
312
3000120
33030
3301200
2022030
2013030
31020
223002
3031002
3231
10032
3000330
2302200
33201
2300220
331002
132030
2031003
2330010
2022000
3300021
2031000
2330001
300210
303003
3300030
202230
3003
3003210
3000303
203022
2033100
120033
2000322
30210
201300
3300012
20202
3330
3000321
300213
1020
301020
2301
33000
3020100
312003
2000331
2000310
3201
233010
230202
310020
3001320
302202
2300010
3032001
123003
1020303
2013000
3022200
2003001
2013003
2032020
31302
123300
3030120
2000313
301032
10203
31203
201033
202032
3310200
203001
300102
102000
1020300
2013
3030102
230103
303012
3310002
1020030
3003012
3000231
3003021
3010302
231030
222
2032002
2000301
320022
3002310
3020310
3033000
1020033
30102
232020
103023
3302100
200001
3001302
2300310
2200002
322002
333
3002001
3310020
2300301
30201
3000021
2220
21300
3300102
22200
3020301
130203
1030200
2202003
130302
2010330
100320
20001
2202030
2331000
103002
1030023
30300
1000230
3300
100302
102003
123000
2010
2200032
1320300
20133
2023002
30303
210
3012300
3021300
1000203
1002
3210030
3200103
1323
3200100
1003230
320031
2310300
23130
2320200
100323
303021
3010230
1030230
230100
102033
3321000
2022
31002
3320010
200220
12030
3200130
2001300
1300002
3021
330201
3031200
230031
2001303
32001
321
100332
313002
1032030
1330002
23100
200130
310230
3003300
2130300
2033010
21
31200
132
2000031
310023
3032100
330030
1230030
3020220
1320030
1332000
1320
2033001
2301300
3222
130002
1203300
302220
10230
12003
10320
1303020
1330020
103320
130200
2003220
20310
3220020
301230
1200330
223020
210033
1030302
220023
2000232
2022003
322020
2031
301023
103230
3303
3330000
1003002
3002202
100230
200133
10233
1023030
1203
1200000
2313
20322
1300032
2002320
20223
1200003
1303002
2302002
2000220
2022300
2031300
2220003
3123
2220000
2000223
1300023
2220030
12033
1000032
1302003
1033200
3202200
1030032
10002
230013
1300020
220032
330012
21033
1302000
3030300
3230100
3320100
320103
203301
3100230
3230010
20331
23010
102030
1003200
23031
120
3132000
203100
1303200
210003
1032003
3000210
2030310
210300
20010
32013
33003
123
2310
3200001
2200200
2230002
2200203
3012
1000023
3201003
3200010
3201000
10200
200310
200331
1030020
3202002
102
1002000
3030201
312000
2030301
1032000
3120300
3200013
3203001
13230
3210300
1032
2100000
3200022
3203010
30312
30321
3300300
1300203
133020
20013
3200031
23103
32022
2203200
222030
2200230
33012
1302030
3201030
3202020
2003022
2232000
1030203
301002
302001
20313
301320
2230020
202002
330300
3210
23301
102303
321000
12303
3120003
3120000
13203
23001
132300
2020230
1030002
302301
3200310
300222
100233
330
3210003
2202300
3210000
213300
210303
302310
300321
1200
100020
13032
2020200
323001
102300
32010
22203
22302
300201
2203002
1200300
320001
100032
2100300
200313
2103000
1023300
2003301
2200302
10332
2100003
3030210
2000130
22230
100203
3213000
3000222
33021
1203003
30222
1000002
20232
1003032
2023020
3020130
1320000
2003310
201003
223200
303120
320301
2103003
3300210
1023
300231
220002
1320003
1200303
2100030
2002230
1300302
230310
1233000
12
3203100
321300
20100
2032200
3102030
3213
2200320
200100
3220002
3102003
331020
12000
3200301
1002300
3100023
1033020
2103030
201000
2000100
2020203
3100032
3222000
3103002
3100020
2000103
1323000
3102000
21000
300303
300330
210000
1020330
200322
30000
321003
23013
200031
203103
30033
12330
202302
2003013
300312
22032
2013300
100200
1030320
30132
1000020
3100002
303102
312030
2010300
2223000
3300000
2000133
1003020
22023
302130
231
23022
133200
233100
332001
21330
30231
2030220
3230001
3022002
32220
300021
3200202
2230200
20031
231300
103200
220302
2002200
30330
200010
300030
1000233
3120
21303
2002203
1033002
200301
330120
330210
1330200
3312
2330100
301203
302010
201330
123030
213030
130032
1230003
132000
2030202
3120030
233001
3231000
300033
230301
313200
2002302
3002301
320130
2220300
213000
31032
103302
202200
2020023
231000
1203030
302013
1300320
320013
220200
13002
310032
32031
303201
1300200
1023003
302022
200013
1200033
2100033
13302
3013200
130230
3200220
10323
31230
32130
30123
3320001
2310030
2020302
320010
3020202
100002
120030
230001
130023
132003
201
1200030
2200020
213
2020320
13320
3003003
12300
330003
2003202
13200
203010
103032
1003203
300123
2300130
3130002
22320
3300003
120330
1002330
230220
3012003
2001330
103203
2223
200202
2000022
331200
3000102
2300202
310203
202023
301200
30030
2130000
1002003
2130003
33210
3103020
2103300
3201300
3032010
322200
313020
222003
1300230
3000300
2202000
222300
33102
333000
332010
302031
31023
3
3023001
2133000
2030130
3021003
200022
203013
3103200
3312000
2000001
1002030
202020
3022020
1230
1000200
2200023
2103
2203020
2000013
220020
13020
300000
230130
2313000
3220200
3021030
2010033
1003302
1000332
320202
3030030
23220
3302001
3012030
1002303
10302
130020
2301000
31320
203310
1032300
2000202
2322
1000320
30213
133002
303030
203031
3100320
2133
2000010
10023
203202
1003023
3031020
2030103
2001
3100302
201030
2001003
3300201
2030100
213003
2130030
3002013
310200
3002010
2001030
1002033
302100
2100303
1000323
2010030
3300120
303210
1233
103020
1020003
30003
302103
220230
303
22002
201303
130320
3123000
3132
2130
3003201
2001033
2010000
1332
2010003
33
3000312
3010320
321030
1020000
202320
2100330
3001200
3003030
330021
320220
220320
300120
3023010
30012
3021000
323010
2020032
1230000
203130
1000302
2320020
3012000
2023200
33300
300300
30
23202
3020103
303000
2202
220203
2003130
32100
301302
23310
200103
3002103
3003000
2010303
