1
31
301303
310303
3013000
3303001
13030
2020030
3303010
300001
1000300
320230
1030
31030
3301003
3301000
323020
3302002
2002033
2020003
2020000
30022
301300
3000013
3000010
13003
333010
2303002
1003330
3130030
3023002
2302000
2030032
2302003
2230
2300020
3130
2300023
30220
2033200
3322
2300002
232003
230320
3001030
2030020
3000001
3103300
3010003
3010000
2002003
2303020
200032
3313000
2302030
330100
3001003
3001000
232300
3000202
2030002
3020020
22
3020023
230020
2200
32020
3003130
3000223
202330
3000220
3020032
3100
1003303
3002032
3031
300133
3002023
3002020
300010
310003
3003103
232000
3003100
2233
3030022
303301
3020002
10303
3030031
3322000
2003032
300013
3030010
3030013
3000133
303001
330001
303310
2323000
2003020
220330
3030001
2003023
3302200
3031030
3001
3300220
3000103
1033
313300
3000130
320320
2320003
3300202
2320000
223003
2332
3103
3002230
322300
30103
302200
3022030
3031000
203020
30202
3000331
320200
232
3002203
3300022
3002200
331003
30301
2300200
3033100
2300203
3300031
3232
3032020
3022000
3022003
3000301
2000320
3300010
331300
20233
2000323
3300013
2000332
3000322
23002
203023
33031
31003
3000310
3023020
3001330
2303200
303130
3130300
2330020
32002
301030
2300230
3032002
202
33202
3010330
3331
302203
303010
230203
2302
310030
23200
20020
32200
301033
310033
3202
3030103
3310000
3310003
3000232
320023
220
2032000
3010303
303013
200233
2032003
2000302
3033001
320203
303022
3033010
3001303
3320200
3001300
3020320
331000
3303100
3002320
2200030
2203003
220030
3300103
3300100
200002
3020302
3310030
3320002
300232
20323
230230
3023200
13303
2200033
10300
2023003
2023000
320032
2300320
2203030
13330
3320020
3030301
3002302
10
323200
1330000
130003
233002
3020230
3003310
2033020
130300
3003301
130
230032
223030
2330200
330220
2000230
3330010
3331000
200302
3020200
3020203
1030303
313
33220
3022300
333001
3010
3030220
233200
1303003
1300030
1030300
30010
23023
1303000
3030202
3230002
1030030
10033
2020303
3013300
300310
303103
1000033
2002330
1000030
130000
130033
3203200
2030320
100300
322030
130330
303220
300313
2000200
203302
2000203
3200002
2230000
2230003
200323
3300310
100
1300330
103
302302
3202003
3202000
2002300
3203002
200200
2002303
3200023
3200020
3300301
3200032
332020
22000
2030302
100333
30001
3202030
3203020
30100
2233000
1300303
30133
100000
320302
330301
130030
202003
13300
3200320
30232
100303
220003
22330
1000000
1033300
1030000
3103003
3103000
2200300
3030310
2003302
22303
202300
1033030
301003
1000003
1003033
23032
31000
1003030
200020
100033
300322
1003300
2203300
33130
2200330
3220000
3220003
300022
23230
202303
33301
100003
300202
302002
220303
30223
200023
33022
23203
20023
233020
3223000
30322
103300
133300
3100003
3100000
10030
3220300
313000
100330
300331
33100
3200203
3200200
200320
320002
322000
330010
300031
32023
1033000
3232000
10003
2030203
3013003
1003000
133030
2030200
2300032
1300000
3030100
3200230
3013
2032
313003
3032200
330013
322
301330
302320
3000313
23320
2032300
1003
230302
3313
301
1000
3330001
2002000
2023300
1030003
32230
103000
330310
310330
1003003
2003002
103003
20002
302023
30313
3301030
320020
3030130
202000
30310
1333
333100
103303
13000
100030
1033003
220000
20200
33001
3003010
33013
2003200
300103
203320
2200003
3103030
3301
2003203
13033
230002
301000
30013
3130003
1330
3130000
1333000
202033
3310300
313030
2000020
322003
2230300
302020
332002
3133
2000023
1303
3000022
330130
2320
203032
1330003
3003202
1303300
310300
3022
3001033
3330100
2033002
200203
331
103033
1030330
33310
3202300
300223
330202
303100
103030
3200302
20032
220300
2020300
3000100
3310
2002030
2200303
302032
232030
303202
203200
3010033
2000002
133000
1300033
223300
32302
3100330
1300003
2000233
2023
20230
32032
3031003
223000
10333
230200
1330300
23302
2030023
310000
13
3100030
2320030
1000333
3220030
3031300
1000330
20302
2032030
3000031
310
3002002
2020330
323002
3230020
2302300
2020
20332
223
3220
331030
2332000
332200
1030033
2030230
303031
330031
3100303
2003320
3100300
20203
33103
133003
2320300
103330
2002
33010
3300130
200332
203203
32320
133
300100
2330002
2323
2300302
2203000
3003022
2200000
2023030
203002
30031
2230030
1300
3003220
22033
22030
3003013
2000032
31300
30130
1330030
3301300
22003
10330
130303
32203
3230200
31303
2003230
202030
3003031
302230
230023
220033
3013030
3302020
22300
3100033
2203
330022
1300300
2020033
203230
300220
300130
200230
1000303
3300001
1303030
31330
3223
3010300
20320
10000
31033
300301
330103
30331
3133000
23020
3003001
3010030
