203300
3330020
30332
333020
3303002
3320
3023300
233000
3032300
3230030
2030330
332030
2000
3302003
3302000
3200003
3200000
303230
32000
32033
203303
2303003
3023000
3000032
2030033
3300320
3203003
3303020
3203000
3000023
3000020
3300302
200030
3200033
3200030
23330
2300003
2030303
33020
2003330
3000002
300002
200000
32330
320303
2030030
3203030
302300
3200303
2033
3323
320
2300033
332
330302
20030
2030003
3000200
33230
300200
302000
30203
303302
3020030
3020033
2003300
23
3002030
320000
30302
2003303
3323000
3030320
203030
20
330230
3030020
3030023
3020000
2330
3020003
20333
3030032
3032
300323
2003033
32003
33200
300023
3030002
302
332300
300203
302003
23300
3332000
3320300
3300203
3300200
32300
230
300020
3002
320003
3000332
300332
3300230
20000
233
303002
330320
3300023
3300020
2300
33302
2330000
2330003
300032
303320
3300032
3000302
3023030
3032030
20330
3003230
30020
323300
3000320
3233000
332000
3020
2333000
2330030
20303
303200
3302300
230303
3003203
3032000
330203
203
200
330002
2000033
30032
230033
3000233
3033020
3000230
302330
2000300
3332
230003
2000303
2303
323
33032
30230
32303
300230
2000030
2300300
3203
2300303
230330
3020300
200033
3020303
303203
3320000
3320003
33203
2000000
230300
3002330
300233
302033
200003
320033
320330
3020330
2300330
3030230
2003000
3002000
2033300
2303030
23030
3302030
303020
2003003
3002003
3003002
2
323000
3200330
200330
230030
323003
2003
3002303
2030
3002300
330200
32030
333002
2000330
23003
2000333
3000323
33320
33002
302303
200300
230000
3033200
2300000
320030
20033
3233
323030
3003200
30323
3003302
303032
330032
2303000
3320030
332003
20003
233003
300302
3023003
3032003
3000203
3230300
3302
2300030
3003320
23303
3003020
203033
2000003
2333
2033003
302030
200333
32
333200
3023
30320
3230
3303200
30002
330020
3030302
3003023
23000
203003
20300
33023
3003032
23033
200303
30023
2030000
233300
3330002
203000
2303300
2033030
320300
3002033
2003030
3330200
3033002
30200
3300002
203330
330023
303023
2033000
3200
3203300
3200300
30233
3030200
300320
2030300
3030203
3230003
233030
3230000
2330300
