1
213010
121033
2120230
123013
13030
220210
230122
320230
100021
121030
211030
3000013
3000010
30121
2303002
310300
2030032
220213
1231030
3312001
30220
2132200
1023013
20212
212023
2030023
2120302
2030020
10012
3000001
102001
310312
102133
123010
2303020
3012103
2303011
3312010
213001
3012130
2032120
31021
2012032
3000202
1023001
3020020
3020023
11230
31120
3000223
202330
3000220
2030011
2012020
2012023
3020011
1203301
221200
103321
1233100
130012
2311030
2303101
21310
1000132
2233
320311
3030022
3020002
312301
12223
3030031
2301100
2032102
1000120
3030010
3030013
3000133
120100
1200100
120232
3012013
1200103
1130320
2323000
2301130
1000123
3030001
3000112
3131200
31012
202102
3012031
2303110
3300220
3000103
1033
3000100
3012022
3000130
320320
3300202
110320
10222
1203310
3000121
32110
3300211
31210
322300
210031
1201330
100012
22102
1000102
3000331
102130
2331001
110323
231130
3300022
1200133
113230
3012202
3300031
3000301
2000320
3320110
13000
3012220
2000323
213031
3300013
2000332
3000322
3020122
1000222
112300
101332
220231
33031
3020131
3020101
3000310
2000311
3020110
2301220
330202
2032030
2331010
3331
2032021
3030121
1002202
21001
3030130
3030100
2032012
3000232
220
2032000
3030112
2331100
2032003
2000302
3020311
222202
2301301
103312
201103
3320200
2200003
1000213
200110
1000210
2200030
21331
3300130
22231
3300103
2200021
3300100
112033
3020302
123001
3320002
132100
3300112
2200033
11200
211300
1200202
3320020
1003231
10021
3320011
3012301
1130200
130003
1130203
3020230
3203110
132103
1003222
2020321
212032
2212003
2212000
22123
2020330
213022
330220
2000230
3330010
3312100
220222
3020203
1020130
1313200
2200120
2200123
22321
1001233
1020133
2000233
33220
1202200
2200132
1130230
1202203
2002321
202120
1200001
2000221
2020303
1003213
1000033
2002330
1000030
130000
1200010
3203200
1003201
130132
120223
2222020
133102
1010200
2000200
1231
2002312
2000203
2032
2230000
2200201
2230003
1202230
1200031
1010203
1202020
200122
2200222
1202023
3203002
2200213
301000
2200210
3203011
1020103
3300301
3013
222220
2200231
1200013
210301
1001200
1000021
112030
1202002
1020100
21100
122203
2230021
1313020
1200022
320302
330301
100132
2020231
3231100
1000012
1001203
3211
220003
3211003
122200
3211000
1000000
203122
2200300
2200303
210322
2020213
2020210
2230102
301003
1000003
2200312
2103001
321301
1003300
2103010
2022310
2103013
3203101
2200330
1002232
2103022
3211300
1132300
2220202
1313002
2103031
221230
3100033
2230120
3100021
2002213
100003
2220220
1013203
10123
3100012
30223
2002210
33022
2002222
3223000
103300
1002223
2022301
1030102
3110032
3110023
3110020
203113
1010020
2230201
3201202
2002201
12202
1002220
3110002
300031
2103103
13312
1001023
3231010
1220002
302011
3231001
210313
3201220
2220301
2230210
23320
2103130
2020132
130123
202123
1001020
330310
2220310
302023
30313
10201
1010002
103303
220000
1331002
2123020
3130012
20311
1023202
3130003
1330
3130000
1333000
201133
2000020
2020123
2230300
302020
2002132
2020102
1331020
3100123
3100120
3201301
1210330
2103202
103033
1222003
3201310
1220020
3100102
1222000
23212
2133001
211330
302032
2103220
130120
2133010
1003102
1220023
110302
222001
1301203
223000
10333
230200
1321300
2002120
2000011
1301200
2022202
2002123
2002102
20203
121003
3100321
303031
3100303
1222030
33010
110032
12001
133
121000
2323
1002031
3003022
23011
21130
22030
3003013
2103301
3122200
2133100
12133
220021
2103310
1020001
1002022
21103
32302
2020033
122320
3130102
3223
21301
3100231
3003001
2123200
3100222
3303001
1022230
220012
3100213
2020030
3303010
300001
3100210
221002
203131
3100201
102100
2002033
2020003
2020000
30022
113200
2020012
1230310
1301320
1032130
1303300
2302012
3130030
2002021
2302000
2302003
2230
2022103
3130
2022100
3130021
3112300
2002030
113203
212320
13321
11032
1031200
223012
1002133
2002000
1012033
120202
2002003
2002012
3003121
2302030
1012030
2302021
2310013
2310001
1022203
3003130
3011023
1030132
102103
1133020
3130210
1022200
210103
3130201
1030123
3011032
300010
310003
3003103
1032103
3003100
2300113
3100330
2302102
1021003
10303
1010032
2310022
2300110
1002103
1030120
2300101
12313
3011002
1021000
303001
312001
2003011
2322010
221032
3023110
1010023
222022
2003023
2322001
2300131
1002100
3011230
1032220
230212
2203
2310100
2310103
3023101
2011
301012
3103
2022031
12103
2003002
1210303
3011203
310012
3011200
2310130
2300221
120331
3120310
222010
2300212
3311200
3033100
2330002
2022013
2022010
3003211
131032
331300
20233
1023220
1032202
123103
10102
1103320
1210300
31003
3023020
301021
310021
221023
2310202
3130300
1022023
2322100
301030
2300230
3003202
33202
1013032
31201
303010
1031002
101302
310030
32200
301033
310033
222013
110023
300103
21133
1020031
303013
312013
1003123
1230220
2330110
3033001
312010
303022
2310220
3033010
2300311
2010322
3303100
2203000
2203003
2300302
1303201
1020022
101032
2010331
1022002
123100
300100
3011320
1230202
230230
2203012
3023200
3210022
313012
311032
3210031
2010313
2203030
1300012
102220
2310301
300112
113320
3202102
1020010
1300003
2010301
1300000
3003310
1032031
130102
2213002
3003301
103012
223030
2213020
3031300
301
231220
2203102
1032022
120322
313021
1033210
3210103
3210100
1302022
3010
1302013
1023031
3210130
1300030
2221000
30010
1302010
2203120
1030030
10033
13222
1030033
1300021
1032010
3202201
1302001
1033201
3202210
1023022
2030320
232201
3230011
130231
1323100
2221030
301120
122302
2030311
3230020
20332
3031210
1230031
303100
210130
131023
1103200
1030021
103
2010232
1021030
3202003
1032001
1133002
3222100
200200
222031
1021033
2012320
2203210
2010220
223021
2010223
2203201
310000
1030012
3202021
3202030
303112
2233000
220312
3200302
1030003
21232
1023130
3230110
3200311
3210001
3230101
301123
3210010
210133
23311
1030000
3103003
20131
3210013
100102
213100
2012302
1033030
303121
220300
2102002
1320001
1230100
2203300
33130
2102023
31132
3210310
1032100
2102032
2030230
1210000
1230103
301132
1033021
3222001
21031
1210003
1001302
220303
201202
21322
122032
22222
2122
2110000
2110003
23203
311002
1023103
1033012
3222010
2030212
1031032
101020
2030221
223300
302131
2110030
2110033
1031023
3200200
320002
322000
200212
1000231
1103302
1033000
1210033
10003
2030203
3103120
3200221
32122
2030200
3200230
3103102
2032300
3313
2122003
100231
22021
103000
120313
220321
103132
320011
311023
1033120
1123
1322002
3210202
12331
2122030
3121030
221320
120310
101023
230002
222310
223
1002331
3210220
321013
3103030
1322020
3121000
313003
3121003
2102200
2102203
3022
311020
1030330
3103012
2013220
321010
1002322
2132002
1033102
131200
2132020
2102230
1002310
301102
103003
3220
3113020
10213
321022
1010233
1000330
2013202
3002002
1030321
323002
1010230
1000321
3113002
1220320
131203
10120
1200223
3103210
3002011
203203
1232002
202210
2130100
1030312
2032210
1200232
1230013
2102302
1002301
321031
3230200
31303
1230022
323011
2023
2102320
1230001
222301
1123030
300121
2130130
1000303
1200220
1310203
1230010
202213
231013
1310200
3133000
302110
3302011
2110300
2110303
2031130
2011030
1000300
1030
132202
323020
302113
3302002
1232020
12013
2011033
122023
2110330
3002131
200230
3002122
202201
3302020
2130202
21220
2301022
22120
1010332
2301010
3121300
3010033
1310230
3010030
130213
2033200
2031100
1012303
1010320
3010021
232003
113302
313102
13201
1020232
3002113
1003312
3103300
3010003
3010000
2122300
2011000
3002101
2011003
2301031
1001332
1012300
300130
230020
10330
22012
133201
32020
2013103
1202302
30013
113032
3100
1003303
3002032
30112
1200322
1103002
1010302
2313010
3002020
2130301
200221
1200331
3022102
2313001
232000
1001323
130210
1200301
120301
302122
103120
2031031
20302
1220203
231001
3010210
1200310
1213000
1220200
131002
1200313
321001
1020202
3010201
1310032
12130
220330
1103023
2321020
1103020
3310120
3002221
310132
2321002
1103032
3002212
100213
2031022
1202320
2332
1013320
230011
3002230
102331
3010123
302200
3010120
1020322
3022030
1030231
1220230
232021
3022012
3010132
2313100
3002203
3002200
2013013
331003
2033110
3310210
20101
3232
3032020
3022000
300211
2013010
220102
2033101
1020310
3010102
2013022
202231
231031
123202
23002
1020313
3010321
1013302
2303200
3010312
31102
300223
3032002
2013001
3010330
1030210
233011
1030213
3310012
3022210
1330201
203212
1020301
3310003
320023
3010303
300220
200233
1330210
322003
3302101
3032200
33001
2202013
3302110
320020
2202010
1030201
100210
200002
3002311
2001331
2202031
20323
2202022
13303
202222
3022120
10300
3010213
320032
2321200
2001313
101002
12310
331021
3201103
3201100
3010231
3002302
3310102
2001322
1123000
1123003
2001301
233002
1023310
1330003
2033020
23131
2210002
130201
201232
102322
230032
1203202
1330012
21223
3032110
2033002
331012
1031230
1222300
2210032
12100
302221
2202100
322021
1030303
1330021
232012
222103
3022300
3213100
333001
1023301
3030220
2220013
2220010
1030300
113020
3030202
1201000
2220001
3112
2220031
1012330
3030211
1330102
1102
2220022
322030
1332100
20200
113023
1203220
1330120
312103
10231
1312000
22213
120022
1021300
2001232
3201001
3201010
2202202
321100
1300321
1201030
13102
2202220
2001220
1201033
2021320
3201022
2001223
100201
100333
3201031
2232001
1310020
2220103
2220100
1300303
2232010
322102
322
201010
202003
3310300
2210200
2210203
310123
1310002
203230
30331
1031320
231301
3030310
3213010
1203022
2101000
2101003
102313
2210230
201013
31000
200020
2101030
2202310
2101033
1201
31231
230311
1022320
220132
3310
300202
313120
3221002
3221020
2210302
200023
201001
233020
320122
322120
1223200
3102103
3102100
1312030
2113000
2113003
1203103
100330
2021230
11302
2210320
330010
2113030
32023
31123
11023
200011
2021203
2021200
320131
3120022
1320310
2001130
330013
3120013
13033
132001
32221
2003221
31321
3120010
230302
1203100
3102031
3120001
2023300
130321
32320
3102022
102310
22312
2003230
3102013
202000
301210
3102010
2003200
2003203
3112030
310210
103102
301213
310213
203011
223102
301222
110233
1300231
2131000
2131003
32113
3102220
3112003
3112000
310222
20032
1032310
32212
332011
1300222
303202
120013
2131030
133000
3221200
3102202
20230
212200
312202
202021
11233
1300210
120010
1032301
301231
3120130
330031
332002
133003
3132010
303211
2001031
222130
3132001
201031
2101303
203002
3120103
121330
3102130
1332001
30130
22003
2001013
23302
20122
2101330
132013
330022
1300300
2001022
2023201
2131
311230
10000
103231
300301
22201
320101
2003110
31
3013003
3013000
102301
3001102
3301021
123310
313210
3013021
10132
2003113
1333
3301003
3301000
3001123
3102310
231310
2113300
320113
3110230
3102301
301300
2003101
13003
201022
333010
1130002
1203010
1130020
3023002
1320202
2300020
1302301
2300023
3110203
110230
3110200
3322
1132003
133012
1132000
330112
230320
3001030
1232200
3101230
3120220
1300
3120301
1300033
31213
2031103
33121
202033
2110
2311
212203
1003021
213202
1203001
3132100
3110302
331030
1302031
200032
3313000
1300102
132301
2300032
3001003
231100
3001000
1210
1202032
1130032
332101
200311
210010
310321
2021032
22
213310
2020312
213301
132022
131230
210331
1003
10210
30001
310303
3001012
1132030
330103
1310320
110002
200332
2101300
2023120
322201
321103
2021023
3031
2021020
3001231
3201130
23113
1003321
312130
2003302
223210
301321
3001222
2312020
1133200
1201003
2001310
100312
221302
1203013
33211
31300
2312002
23221
303301
3013201
113002
11203
112003
3021031
123130
213130
3013120
3001201
2003032
2330200
1300132
332110
1100233
2113
3101023
33013
13213
1303210
231010
3021202
203032
3200011
2013031
1300123
303310
323110
210232
3021022
3001213
2000113
3001210
3321100
2302120
1300120
123301
3022201
2320030
1302100
3220102
3301210
302320
103222
3031030
2031001
3110320
2300011
13120
1322200
1100200
3021001
3021013
3011020
32011
2320012
3021010
1100302
3031012
2320000
3003010
1320220
133021
1302310
323101
2013130
3031021
3301201
3013030
30103
232
122020
201313
301312
3001021
3001132
201310
3031000
132010
3101302
3031003
3010300
3301012
3012010
120001
2302201
1100320
1003132
311200
1102303
302230
1102300
1301230
1302220
303220
1223020
131320
22300
1001230
3220021
30301
12010
201220
1321
1213003
1223002
303103
202012
300232
1302130
213103
3202000
2023210
130303
30310
3200320
33310
2202001
120130
2212300
331000
1230301
310201
100321
130312
3020032
1320301
1100332
1031302
1102330
203023
112000
31312
132031
1100032
2320120
3103021
230023
201301
3001330
33301
312100
3210301
2302210
3310201
2003212
2003311
2332000
2023030
3001321
1320013
102031
110020
220120
202
320110
2300200
13
2202130
3031201
2320102
311203
1033300
2302
2201032
1320022
23200
213220
210223
3101032
1021303
2021302
3021130
330130
3202
1300213
321130
3201013
2301013
1020331
2001133
1021330
3013210
2023012
300331
22033
2120032
1320031
2302300
3001312
2312200
332020
2201002
320203
313201
120103
11002
2023003
3001303
1320103
3001300
2221300
2201020
2311300
2201023
3021100
312022
3021103
3301120
1022302
133030
210100
1320010
3031102
330001
1330000
2033011
322012
3301102
302203
302212
310102
3203020
212230
322210
1302202
2031013
302101
3022003
3100030
201223
11320
310120
2031010
1331200
1330030
3031120
3302200
2023000
13123
2320210
3010222
2120203
2200012
3200101
13330
1301002
1020223
3200113
2320201
3200110
3021301
3000031
3101320
3200122
3103201
3321001
1120030
321202
100
1320130
222100
3021310
1001320
12022
103123
132220
3321010
10
2130310
2230030
310231
1213
1222
3322000
133210
3123010
12232
130300
2130103
130
1000312
1030222
1100203
2301202
3220012
2223001
2212
100123
330121
200113
120220
101323
2020120
211303
2011330
1220032
2230012
3331000
313300
200302
2310310
2002303
3220030
3100300
2212030
1332010
2003122
2222002
123031
320200
1000333
2002231
2020222
2002
2001001
1301032
21022
20002
1303012
1013200
32131
313000
1201303
223120
1203031
1320100
10312
1003120
3021220
212302
1003210
200131
21010
1002313
3003112
1303003
3010012
20011
1301020
2210023
2200102
1303000
12322
2300002
2011300
1303
2011303
2200
112330
3013300
300310
2320300
3200203
1300312
21313
1120300
100000
33112
200203
130033
1302103
1120303
3011302
2023102
100300
102022
1231300
131302
3310030
1303030
2130001
3310021
2320
2223010
321220
300313
1000201
121
2301310
3200131
1100323
203302
3220000
3212200
220123
3200002
120133
3020200
2330011
211
200323
1002013
3020221
3301300
232102
1002010
2231002
2021002
302302
101200
2200000
2022001
2000032
331102
3020113
211000
1002001
3030103
3013102
103213
1000
3220120
101233
2201203
103210
231202
3200020
2120320
2201230
201331
1100230
110332
1012
2310031
3120202
2020201
12220
120031
1303021
2122000
13132
311302
3012310
132130
2000212
3212020
202312
2020
13012
3020212
2231200
3202120
321310
3000022
30133
1100002
2223100
2231020
2010310
1020013
203200
2000122
130030
22132
103030
2000023
123220
3200212
220201
1132
13300
1033003
30232
100303
230221
232030
1210030
122002
230113
3000211
3212002
1120
22330
302311
2002300
133120
210310
2000002
2001100
3122002
1103203
1230130
2300203
2201200
203101
2100001
210202
211033
32203
2203021
1120330
130330
22303
3300121
202300
2100010
1213300
2100013
3100132
112
2213200
201130
1102000
1003033
23032
1100023
3330001
2100022
2031301
2010202
2311003
3300010
100033
300322
23023
2100031
2000101
31330
2001202
2201320
32230
333100
213013
2031310
2201302
13021
100120
1303102
1310302
3220003
23101
20020
300022
32032
2102020
1200130
3012100
2200321
332200
3330100
31033
23230
1100020
3100003
202303
231103
230110
1102033
32002
1102030
131020
331120
1323001
3103000
3213001
312310
212002
2130220
2010133
2123002
310
122230
20023
2013301
1312
330211
2320003
30322
1323010
133300
220033
1012000
2010130
220030
23020
203110
1023100
3202012
3200032
1321030
102013
3220300
3200023
20221
3002023
202321
2013310
123022
2100100
33100
2100103
1012003
1213030
3000313
1123300
30211
200320
312220
2012230
3101020
313030
101230
210001
3230002
2221003
3130120
233200
3003031
1003012
1103230
1301023
2003320
1233010
3120100
23110
3232000
132310
1130302
23122
2100130
103021
2100133
2010100
1003000
2010103
3101002
31222
3120031
2301001
103201
2120002
3311002
2221
102232
102223
3121
301330
2101
20110
1201300
233110
323200
3122020
3301
232210
1321000
1021
22210
2300320
21202
2120023
1003003
2120020
310330
10321
1321003
3001033
2300122
210022
2310010
3311020
2210020
2023021
2330101
20113
2031220
1022032
1022020
230203
100030
2001010
32101
221020
1013230
13231
2330020
3001
202030
203320
3003220
2012200
3032101
1303120
2012203
1300201
1031203
121303
3101203
3023011
3101200
230101
232120
210220
2100202
3022021
203020
1310023
2012002
1003330
302002
2031202
3320101
223003
1013023
1003030
1002130
110200
2022022
331201
2320021
2130013
2100220
2003020
2100223
3123100
121300
2130010
11323
31030
3202300
300013
2130022
3211030
2131300
2100232
3131020
1010323
2030131
21013
2130031
232300
130021
223201
330100
30202
3300310
2222200
102010
2003131
201322
1301302
110203
3131002
211003
3220210
32311
1013020
1001002
233101
3001120
3220201
3013012
1330300
101320
2022130
3030301
301303
2020021
331
2103100
1120000
1032013
2030113
320212
1031020
230131
1120003
130222
1220302
312031
2001103
3100312
12301
2030002
1023010
22000
2030122
3102001
2030302
2022220
112303
2010022
331210
1203130
100222
2030101
203311
33103
3301030
1102003
103330
2202301
2232100
30100
2100301
300133
2010031
101203
210013
10030
2030110
3100000
1001032
2000110
2100310
202132
2100313
30031
12031
1233001
13210
3123001
2000131
2220130
2010001
1312003
1013002
2100322
3133
2032201
1300330
320221
200101
2010013
2020300
2100331
11332
313
1120033
221203
2202103
2301103
1130023
3020320
3113200
3002110
2010010
231022
2120200
102202
1020220
3012001
1231003
2013100
3300001
3310000
201100
303130
11020
20320
1312300
1231000
2311000
212020
311320
301201
203221
3032011
3002320
