1
31
1100200
1110010
1102
12010
1000030
130000
1200010
20101
200011
10003
100300
2001001
2010100
1003000
1030
13000
100021
1010200
2000200
1012
101200
10102
2020000
1000
1001020
2101
103000
103
110020
201100
10201
211000
1010002
202000
200200
202
301000
13
100030
220000
1100101
1111
20020
22000
21001
100201
2001100
310000
30001
1001200
1000021
10012
1020100
220
21100
2000020
101101
3010000
1100002
2011000
100000
110200
11002
2200000
201010
10111
111001
1000012
111100
210010
1001002
1100011
100210
112000
200002
2200
1120
121000
1000000
300100
10210
1101010
1030000
110101
1102000
3100
2000002
1010020
1001110
31000
2100001
100102
3000100
30010
10300
11200
10000
2101000
211
1001101
2100010
1101100
1000201
2100100
1010011
2000011
1000003
200110
1011100
1120000
2002
1002100
1100020
120010
200020
1300
1021
1020010
10
20011
300001
1003
2110000
22
101002
11011
3000001
1111000
1300000
20110
2020
10120
100111
1000120
10021
1201
2000110
1021000
1000300
1010101
130
1200100
1012000
210100
20200
12001
2000101
101011
11110
300010
120100
100003
1100110
121
2002000
110011
111010
110110
301
20002
11101
3001
1210000
2010001
102010
310
12100
201001
1000111
1110100
112
200101
1010110
100120
1101001
11020
1020001
3100000
110002
102100
1000210
2001010
10030
3001000
1200001
2010010
3010
2011
101020
1002001
30100
1001011
100012
21010
2110
1000102
102001
1210
100
1110001
120001
1011010
1002010
3000010
1011001
210001
101110
1201000
