3000000
3300000
3330000
3333000
3330300
3330030
3330003
3303000
3303300
3303030
3303003
3300300
3300330
3300303
3300030
3300033
3300003
3030000
3033000
3033300
3033030
3033003
3030300
3030330
3030303
3030030
3030033
3030003
3003000
3003300
3003330
3003303
3003030
3003033
3003003
3000300
3000330
3000333
3000303
3000030
3000033
3000003
300000
330000
333000
333300
333030
333003
330300
330330
330303
330030
330033
330003
303000
303300
303330
303303
303030
303033
303003
300300
300330
300333
300303
300030
300033
300003
30000
33000
33300
33330
33303
33030
33033
33003
30300
30330
30333
30303
30030
30033
30003
3000
3300
3330
3333
3303
3030
3033
3003
300
330
333
303
30
33
3
