0
3
233100
203331
320232
3302010
32310
310302
22302
20103
1233030
230022
3302001
3002130
3321
102333
3000012
1003332
2033220
2303001
3302022
3000033
3133200
3000030
3302031
232002
1330320
3010032
21030
3312000
3312003
3002133
30030
2033202
3010023
3010020
200232
2030022
3103320
23202
20022
21003
3000003
132330
1003323
31302
3103302
100023
3010002
2030031
2303031
2301033
3002100
120303
3312030
203322
2303013
2301030
1023000
3000201
2030001
3020022
3000222
1003302
120300
2030010
300132
3002031
1203303
3020010
3020013
3002022
2130300
1032
312303
3300132
2313000
133203
3030021
310320
23001
202332
330231
320310
3030030
3030033
3123300
301200
330000
3030012
3000132
200223
2202
3010203
3010200
2323002
321000
3102
2313030
223203
2031033
3030000
3300213
3302202
3002223
23331
3012030
3300222
231003
3000102
1320
322302
3300201
33123
22323
3000123
312
3000120
233013
33030
3022023
2013030
3022032
1030230
3000333
3000330
2323020
3300231
33201
2013033
2331000
2331003
3002202
3302220
3300021
2031000
203223
3020133
3300030
1330230
3032022
202230
3003
3300033
3022002
3000300
2033100
232023
2000322
2032032
2033103
3300012
10230
3000321
300213
2303220
23223
2301
3032013
3020130
3020100
321003
2000331
2333001
2000310
2303202
233010
3330102
120030
3302301
302202
3032001
123003
1020303
2013000
3022200
2013003
2032020
3030120
2000313
3030123
2032023
320322
213030
322320
1020300
12333
220230
13233
3000231
3322200
30003
2032002
3032220
320022
3330120
1023330
3020313
3302103
3302100
200001
2301303
3300123
1330032
3300120
3002322
2001333
3310020
3310023
1333200
3310032
3300102
2200020
3020301
2200023
3002310
2202003
3320001
2202030
3333
30300
320331
3300
3002331
23313
2200032
2333100
3012330
2303310
331020
3330201
2303301
1003230
2202033
3330210
3320022
233001
3030300
3030303
3302130
3002301
3320010
302223
3012303
2001300
33033
330201
230031
2001303
3020232
1332300
2033022
1330002
23100
2020323
2020320
32100
3032130
31200
132
3203130
3032100
2020332
3020220
3322020
322023
130002
302220
3020202
1330020
130200
3030231
130332
1330023
330222
32331
1030302
2000232
322020
2031
3330003
3330000
303222
3022302
200133
233130
2002320
1200003
3032310
3030201
2002323
3332010
2002332
2220000
2000223
2220030
1000032
3330021
322032
3330030
3203202
1003200
233031
3032301
13032
120
203100
2220033
210300
2000202
333210
1003203
2230002
2200203
1300332
31323
3201003
3201000
10200
3300312
1200030
102
1300323
1200033
2002302
202233
1300320
323031
3300300
2230032
2200233
203103
2200230
3201033
3203013
2232030
2232000
3020331
331230
3203022
133230
3302310
2331300
2230023
3203031
3300330
12303
3332100
13203
33222
2020230
320301
330
2003313
213300
210303
1200
1033302
233022
3233100
213033
3030330
3201330
2003322
2313
220233
2003301
2200302
10332
3030312
2000130
301002
3213000
3213003
3030321
2202300
321303
2202303
2003310
203232
2103000
3312300
2103003
2022330
1203033
100002
2200332
231303
230310
232032
3203100
321300
3213030
3213
2200320
2200323
12000
2202330
2103030
2002233
2000100
2020203
3100032
310200
3100020
2000103
30033
332301
3320301
3223002
2022303
3223020
21330
22230
300021
2230200
20031
231300
2002200
30330
200010
20322
3120
21303
2002203
22203
3330300
3312
301203
302010
330321
3120033
1320303
132000
3120030
2230230
300033
230301
323301
3233010
320130
2220300
31032
103302
2003220
302013
2023320
13002
2023302
3102030
303201
1300200
302022
23130
3102033
31230
32130
103233
2220330
330312
132003
201
213
13320
3231300
3021
330003
130320
33210
103032
323310
3130002
23301
2000022
1333002
1300233
3201303
3201300
222003
2000031
23022
332010
302031
2133000
2133003
203013
3203310
2000001
202020
333300
2232300
2000013
220020
332013
2133030
2000010
10302
1032303
1032300
223230
3132030
133002
3100323
330030
10023
20013
3100302
201030
202023
203001
331320
220023
301233
303033
3132003
330033
303210
323130
1020003
300303
303213
1332003
3003012
2001033
2103300
1332
2103303
33
1020000
3003033
3003030
330021
2020032
320103
2023203
33321
2023200
300300
30
321330
2103330
312330
31203
201000
2003130
3003021
3100230
1200300
3003003
213303
3003000
312033
2020020
3002220
2303100
3013002
320100
231330
3303003
300000
3303000
3002001
3230100
3301023
3320100
3301020
333021
3102330
2001000
210330
3013020
232302
1000230
33213
2300130
2001003
103230
203130
33120
1230303
320031
3100203
103002
3100200
222000
2002032
20130
3102303
3102300
3002313
123000
233301
203133
1002
302133
2003100
2031003
320133
102033
3013302
2103033
1303302
2133
1033320
3303012
2310
313002
3130032
3023001
1030233
2300031
3031032
313230
1302303
2002023
1000020
2031030
3130023
2300022
333012
3203301
2300010
103320
1302300
2300013
32103
12330
2300001
102303
301302
1302
31023
3001032
230133
31320
102000
1023300
3133020
3202023
3001320
200031
1203000
330012
2033031
2302032
230313
2033310
133200
1203003
2030130
103020
2002002
313302
123303
3313020
3003123
20220
3003120
133302
31002
3313002
3001002
2003133
2302020
3132000
2302023
332220
1320300
2030013
303303
331032
2310003
21033
1200000
3001023
200310
3001020
330102
3003132
2232
232200
302001
300210
300030
1330200
13302
1203300
3210
3300210
2330310
1230330
200331
2301330
1302330
3001233
301320
3001230
100320
3130203
3323001
3130200
223320
2310033
3100332
230013
2301300
3203220
3003102
2003031
3323010
3302013
102300
2010
310002
3132300
2220303
30021
2230320
3012003
3222000
2033010
22020
2133300
3001203
303300
30120
3020310
323100
2013330
3000
303000
312000
2300103
3230310
3320310
2003013
3100002
123300
120003
23133
12033
3002103
3023130
2001330
23103
2003010
120333
32022
2331
33021
20310
12030
2022033
3201
3021000
2130330
2322003
3033
2322000
300
3120000
133020
2320023
2300133
2320020
3130320
3321300
120000
333030
300201
201303
123
30312
2320002
332100
3023100
30321
3023103
1230300
3033012
30222
3301203
3013032
3301200
301323
200313
2022030
1000023
3120003
3210003
31020
103323
3120330
3030222
1203
223002
3031002
3231
10032
332103
10320
2302200
22023
2302203
3333000
3303210
2300220
310023
2300223
1320030
3301230
133023
2022000
330123
330213
303132
3033102
3120300
2000133
2300202
303012
100020
3000210
22032
3003213
330120
3003210
23031
1000002
203022
3023031
200130
302322
200220
102030
30210
1032030
201300
3030003
3003231
20202
3330
3031023
1002003
1020
301020
3013230
103023
2302230
1203330
2300232
1032033
312003
22002
3023022
3320220
2330031
3130302
132033
1323
1332000
230202
310020
2330022
3313200
2332002
2003202
202203
232320
302103
333120
3300321
300222
3031203
3310230
3031200
3310320
23010
3310002
1023303
301032
10203
2010033
1002033
202032
3001332
300321
300102
12003
230100
220002
100203
2023032
210
32010
1020030
3033021
310032
3023220
3000213
3200313
2300313
313200
2013
102003
3033003
2302302
3033000
1020033
30102
202002
201003
2330100
2200002
2023023
2300310
2023020
320202
333
300123
2010333
1303203
2203002
312300
333201
2020200
20133
1303200
30132
1233003
3103032
1233000
130302
2203020
3030210
2203023
2003223
3201030
3103023
20001
1003320
22332
230331
100332
3023202
23310
2030103
3020103
1200303
3303300
2023002
2300331
232020
2203032
10233
233202
2000220
3210030
3200103
133032
3200100
2310303
13023
123033
33312
2320200
3021330
303021
222033
3021303
223032
332310
3321000
3100023
3321003
2103
3310200
210033
3200130
3033210
1300002
313032
3103002
3003312
2010300
3033201
2010303
1323300
303231
2030232
2310330
2033301
13020
3003303
310230
3003300
1303230
3102000
3003330
3330012
200301
3102003
2022
310233
32133
301332
31233
302232
3003321
2330202
302331
3321030
3331002
30303
3301302
32232
2322300
313020
230103
1303020
332022
3220032
3303201
130233
2230302
3220020
2320302
3220023
223020
2330301
3213300
2322030
20232
20331
1000203
300330
1200330
1300230
3303
3230013
3230022
330210
300312
3300000
1230
1023030
203220
33003
3010332
230010
1300032
2330220
20223
2332200
1303002
2030331
123030
321
1023033
303102
100200
313203
3230001
1300023
1033203
323103
2223003
1302003
1033200
3202200
1030032
10002
3023301
1300020
2030322
3331020
1030320
1302000
3013023
303030
230223
21
203301
120033
3230010
3021033
3230031
3023310
323202
1030023
200322
2030313
231033
3031320
3031230
1032003
2310300
2030310
312030
3000000
3013200
3022320
1230033
2223030
3200001
2320320
3000312
130032
3012
223023
3030102
3200010
1230030
1030200
232203
300012
130230
3202002
2331030
1002000
3033300
32322
3231030
1032000
1303032
3200013
322203
13230
33330
332202
2003103
3200022
3030213
2320230
2233200
1033230
3100320
1302033
231030
3200031
2320203
1303023
2203200
222030
2203203
332001
1302030
2030301
3202020
2203230
2232003
2022300
3202032
3012300
20313
2033130
3033030
3033120
230220
223200
2233002
13323
3301320
32220
1300302
303123
3200301
3130230
132300
2031330
1030002
302301
3200310
1030203
100233
232230
3200322
3030132
3210000
3230103
200100
302310
1203030
2303103
3303102
3200331
100302
331023
2002230
3231000
3231003
3210033
2031300
3021300
1330203
320001
33300
2230203
322230
1002300
3031302
20100
2100000
3013320
2100003
3003222
302313
1033032
3331200
1233300
220032
2302320
2003331
32313
3003201
203031
1003032
1033023
132303
1320000
2033013
2031303
201033
303120
233310
2020233
3010233
1023
100323
2020023
1320003
3301002
2100030
2301000
333102
2100033
3320013
3210303
102330
3210300
2203302
22233
2302002
230322
202302
2310000
3220002
2313003
222
21300
2203320
2303010
233220
1033020
3012033
2001
33231
320220
3210330
1003023
2100333
3222003
1323003
1323000
1003233
21000
2300322
333000
210000
1020330
2032200
30000
132030
23013
3032103
3132
2130
331302
3130020
200013
203313
1020333
2013300
3202203
2013303
1002030
3320130
2001030
322002
2323200
3222030
2003022
330330
1200333
1003020
3220230
302130
310323
2030223
12
3220302
3023010
2032320
30231
2030220
1002303
301230
3322002
203310
3200202
301023
3100233
1332030
103200
220302
2230020
10020
103332
3220320
1000233
2223300
300333
3320202
1033002
3203010
3000021
2330103
330303
323220
303321
3232002
100230
201330
2220
33012
202323
2020002
3200223
2030202
3200220
220323
2303130
213330
3103203
3200232
2223000
3332001
120330
230232
213000
3001302
30012
202200
1320033
231000
3030
323022
3123
320013
220200
3202230
2032302
32031
303312
1003002
3013203
323001
213003
2330130
3232020
33132
3230301
313320
203010
2020302
3020031
2303022
30123
1320330
2003001
313023
320010
201333
3022020
3021030
230001
130023
310332
3310302
3310203
3300303
1333020
3200133
1032330
33303
12300
30201
3203103
13200
3233001
223302
23232
220332
22200
1002333
22320
310203
2003232
1002330
2300100
2200200
1300203
103203
2223
200202
3032010
331200
3031020
3021003
3303021
130323
2022003
20301
2130000
231
2130003
330300
3103020
2332020
2233020
3020001
322200
3002232
331002
3202302
222330
330132
222300
33102
3032031
2030133
32301
1030332
123330
3301032
2320032
2130030
3023013
3230130
3202320
200022
3120303
2130303
1233
1323030
3223200
2130033
2330010
2330013
2330001
31332
1030323
100032
3010320
3010230
230130
2010330
3220200
320313
3220203
1000200
1000332
220203
130203
23220
210030
21333
2002020
20010
130020
3103230
1330302
2023230
303330
3001323
2322
1000320
30213
32223
13332
3203001
1030020
210333
2100
23322
203202
332031
3010302
233103
3000303
2032230
303003
210003
3123030
2030100
3320103
3323100
3002013
2033001
3002010
2220003
2100300
3032202
2100303
1000323
2010030
321033
3103200
222303
33000
32001
3001200
320223
3303120
303
3020322
3020223
3010323
3123000
323013
3123003
2300301
3222
2010000
332130
2010003
30333
2310030
3230202
321030
2032203
202320
2100330
300231
1230003
3230220
32013
220320
300120
3022230
10323
333003
323010
2000301
1230000
3232200
1000302
2202000
3012000
3300003
2313300
302100
3022203
2333010
133320
1023003
1303320
3303030
3222300
331203
3133002
3320031
200103
300003
32202
2301003
