2
221201
3121100
222200
102200
201221
2110301
230021
302111
233000
2011031
2132
2031110
1000301
1010
3302000
1223
100223
131210
110330
2011013
212021
232001
3000011
1012310
30311
2303000
310301
300122
2130200
2301020
1311200
3000032
100022
10322
200231
1023011
202202
3000023
3000020
123011
120302
1010321
3010022
310310
1020230
2030021
2120300
1031
3000002
231011
211031
3002111
2231
3010001
2030030
2011001
3012110
122021
313100
102203
32111
320
31211
112310
201212
1101002
2030003
3000200
3020021
130013
2030000
1001330
102002
300131
130211
1200320
2030012
1201310
12122
1001321
2012021
3002030
113102
1020221
1010303
3020012
1102010
3002021
1123100
131003
2012030
1000133
2301110
1200302
1000130
200222
1213001
2301101
3032
202100
1200311
1201301
2012003
3010211
3030011
220100
1010300
31103
2012012
33200
3010202
110321
13310
231002
3012011
1200101
103121
3000113
3030002
3000110
1103021
2031011
2311100
130010
2321000
3000101
20120
3000131
210032
120101
3300200
202103
3010130
3000122
220103
11300
12200
302201
230012
1000103
3002210
1200131
11021
120230
2301200
112301
3002201
1221200
1022300
3012200
100013
2013011
3010112
200120
1310120
110120
2000321
21020
1200110
300212
3010103
3010100
102131
121220
1002212
3000320
1000223
1011320
2000330
3020102
131102
3010310
3020111
1310102
110123
122012
3032000
3310010
1030211
20210
113030
1010132
2000312
1000220
1002203
2032010
3030101
1010120
3310001
1322
101000
3000230
12302
2032001
101132
13202
2200013
123200
1030202
2000303
2200010
1010123
213020
320021
202220
1011302
2111
2200031
3203
2202011
1000211
221210
331001
3300101
2200022
1001132
302210
3320000
3300110
200111
21110
10331
30110
1100
3010220
1110320
1000202
20102
1112300
310103
132101
130202
201230
3201101
1013
320030
3310100
3002300
3201110
1123001
1130201
100010
322010
2210000
1330001
2210003
2212010
2210030
2210
3110
1133
2210021
331010
1201220
2212001
1202210
31010
1330010
2033000
2200100
310100
2200103
12131
2020310
3020201
203111
2200121
110312
1020131
113021
200132
3020210
1123010
1003220
1130210
101330
1001231
1201202
10223
2000213
130001
310112
1220102
2200130
1202201
1030301
2000210
2220011
102122
1021310
210311
133100
1200002
2000222
1001222
222101
10130
2020301
1200011
1010213
2220020
3011
2222000
2002310
201113
20231
2210102
1010201
2221010
201311
1312100
2311001
2131001
2000
3302
2000201
1020110
122
231110
311210
1003202
1031210
103310
2230001
132110
11123
2200202
1312001
1023002
3201002
20030
230102
1200032
2230010
3001310
312101
2200220
1222100
112031
1113002
2002211
2212100
120122
1201031
203102
1202021
1320110
1302101
323000
2202020
2200211
301310
11030
200123
1103
2001221
100031
1001213
1202000
3201020
202001
120023
213200
130130
1202003
230000
1220120
2220110
22031
1310021
1300310
1200020
131120
3001013
2001230
1020101
2220101
1200023
1232
320102
3001001
1001033
2131010
1202012
20123
2033
1310012
3101120
320120
1001012
120020
2001011
2001200
32300
100202
121013
12023
2210201
2001203
202112
1300112
2001212
1000010
300200
1310003
20321
2110130
201011
2102102
211220
1310000
332000
2112002
1000001
300221
120203
1011230
311003
2003300
2200301
221102
100133
2120021
2210210
121010
301211
2230100
1223000
1202030
2020211
30230
220001
3010013
10301
1110200
300203
122201
311120
1130300
110003
202130
2312
1311002
122030
2103002
2200310
12311
11132
21023
10022
2101022
3211010
312110
2103011
321110
111032
1003301
131300
1013210
210200
1021130
1013201
200021
2103020
1031300
221000
1121300
1313000
2000120
101321
2001110
3100031
2220200
22121
2020202
2000123
3001031
1113200
3100022
1311020
300023
1222010
321101
322100
2120120
3113000
1201100
3221000
3100013
2021210
1203011
1030112
2210300
302003
112220
1010102
2002220
111302
3100010
211103
3101030
2111000
2021300
2111003
3102110
12101
201203
3101021
3100001
3131
1130102
2000111
220130
3102101
201002
3101000
2113001
3101003
1201022
300020
3110021
212102
311102
113012
23021
1203101
2113010
3110012
1110002
1120202
1202
2101100
1011200
2101103
20000
2120030
233
3201200
2020103
2002202
301202
1202120
2110031
223100
11201
1002221
1120100
3110000
202121
300002
1020302
2001122
1011203
300032
103301
100331
2103110
1220003
310202
1010012
132011
101003
2101130
3120020
120113
1000100
220112
302012
1221002
200012
2001131
330011
3031100
1021103
1010000
121100
1220012
3120011
100130
1300202
2110013
2012000
2020130
120212
1202102
3120002
2201210
10232
111230
1001021
2123000
101123
211310
103100
1010003
201131
1331000
2001302
321020
1110032
2222
122000
211202
3122
300230
1203002
1001303
330002
3102011
2000033
203210
3031001
1210103
1130021
110300
3130010
3102002
2020112
3031010
220121
2001101
231020
3200300
102311
1021301
3130001
221
11000
30131
1220030
1001000
1013300
2000021
11213
320201
2020121
2101202
2013020
3100130
1021220
2020100
302021
130121
13010
3010121
102110
1023200
3100121
3112010
1222001
330200
203012
102230
221120
1031102
3100112
113210
3100103
222110
3100100
200033
310121
310130
221012
2000030
2022110
3021110
2121002
222002
2000000
1221020
1011032
2321
2002112
1220021
2000003
1003010
1001120
2000012
3012101
3102200
3021101
3001022
1100321
101312
2013002
1300211
3110120
1331
301220
3100220
2002121
3122000
1021202
1000112
112103
2002100
130112
3001112
2022200
110033
2031101
2002103
2001023
213002
1001123
202022
310220
2010020
1001
1012220
3100310
2021120
2201021
2301011
1003100
3010010
1020212
2110310
3221
103130
3100301
2110202
2031020
23300
1102022
1002032
202031
200213
1100213
200003
1220300
300302
120011
230003
1020002
110102
21320
30221
22220
213110
3003020
3120101
2101310
2131100
2032100
1300220
1001102
32
1011020
232010
30320
2101301
201032
1100231
330020
1100222
3002000
10310
203003
3110300
20312
11210
2101031
202010
2013110
203201
2003120
112013
1002023
221003
21212
20213
2001020
1103030
12320
131201
10031
13220
2021102
1012202
2121200
13103
3003011
3130100
31220
11222
11312
2013101
1020320
3013010
2020022
110132
100121
33011
1132010
2003111
210203
11303
31121
3013001
121130
12203
1001312
3320
1001210
2101220
3001103
32120
3112100
2020031
2111300
30113
2102210
202013
3002
3100211
1102100
1103000
1011002
1103003
22112
3001121
1131002
3100202
321002
3301010
111020
3120110
112130
30212
113300
2330
110231
3030020
122120
220010
3111020
102302
133010
22310
320111
103031
1130000
3210200
2020013
2020010
1122020
2302010
1003211
310013
1320200
212210
2300030
3311000
2002022
3110210
3110030
330110
2300021
10202
201023
111023
2022101
320003
3110201
200030
2300012
1130012
3203000
2300000
120221
23012
2102
2002031
1132001
1220
31013
1031201
3011102
2303
212120
1022210
2030300
1301300
220013
132020
102032
100220
32012
1102103
31112
2002001
1301201
1002131
113000
3001010
1210202
100211
1012031
1131020
2002013
200303
3010031
332
1130030
210101
10013
210113
23210
3003110
2002010
21011
210122
32210
2221100
302000
1030130
101120
1000013
21302
110030
22202
1032110
101030
1021010
130310
1100030
3022001
1101032
113003
23
1002113
1112
1012022
30302
1002110
1021013
320012
1320002
2021021
1022201
13112
101213
1110023
2022011
2300120
1110020
120002
2003030
2201
20201
3003101
2101013
210230
120200
3020120
2302100
1010033
2312000
3101
1022
2101010
203120
2310020
302120
3001202
210302
2300111
13211
1010030
1032020
2101001
2102000
2021003
2300102
2003012
1301120
3011000
1301
230210
1012301
2310011
1232000
1021001
100313
3021020
23102
1300121
112010
121301
3001211
212201
3110003
31202
2003021
12002
33002
3011210
3021002
1012013
1230200
2011310
22001
2023100
301010
230120
3021011
2320010
2310110
1002101
1301102
1012010
3102020
2030201
2310101
2022020
21101
2320001
123110
1100300
31022
310010
130022
221030
203000
11321
1010210
303110
1100312
301013
1101302
3201011
212
120311
2011100
3001130
22013
2003003
311201
301022
1210301
21113
230030
1301003
1013102
1020023
1132100
2123
230
10001
2022002
1102301
223001
1010231
1210310
101300
103022
2300
1012130
2330000
30023
3210101
1102310
102113
2202200
2121020
1022030
1112003
3200
301100
302102
110021
303101
1112000
3021200
2210012
1300022
10133
3120200
3210110
32003
2012
1203110
2130020
3011120
312002
11231
230201
21131
1032200
21221
300113
1010021
210221
301001
231200
3110102
1031012
101222
102212
100103
2111030
2310200
1211
2201030
320300
2103101
2202101
32021
120131
1003130
110222
201302
2021000
301031
310031
1031003
220031
103103
1320020
2320100
1003121
100100
1013030
3202100
1022021
2201000
303011
3211100
12212
221021
1012103
1003103
33020
203021
131030
3030110
1013021
1010312
112001
2001032
100310
1100123
11033
1100120
2023010
1020032
3200030
1003112
1120220
2201003
21002
1022012
300101
101303
2010320
2202110
1203020
3001301
303200
312011
1203200
2203001
2300300
32102
110012
3011300
200312
2201012
1112030
1321100
1113020
1310210
30011
1012100
2010221
101102
3113
3301100
112202
2010311
2003
11
310022
33110
1100132
10211
1302200
2203010
1210100
120032
3300020
1020020
3210020
1003031
300110
2003201
211010
2023001
130103
3200102
303020
31031
101033
220202
130301
1300010
1023110
3200111
2020220
22010
121310
1131200
20
3200120
2003210
20300
3030200
1003310
1020011
1300001
2010011
211100
2211002
3003200
200300
2021012
303002
1202300
1211300
2010302
1022003
2210120
30002
2211020
200102
102221
2213000
3011201
1030013
1101200
1001030
2003000
2021030
3020030
2201102
3001220
3013100
3022100
3023000
2130110
222020
100001
1201103
200
1110302
3023
3220010
102020
1210130
1003022
2000102
110213
2102012
20111
1003013
121031
1300103
2011010
301112
113120
103013
30020
311
1300130
30101
1302110
210110
1301030
2003102
1302020
1303010
21200
3002102
22100
30122
1013120
210002
30200
1300031
1320101
1301021
130100
1302011
2300003
1030121
2221001
2310002
1303001
1022102
1030031
2011301
13001
1120310
20033
113
1032011
203300
13100
221300
113201
1100201
1031120
1301012
1220201
1002020
200321
222011
300311
223010
2001002
1100210
1101203
12011
1300013
1300100
1021022
120320
3001100
2011103
3011003
301301
1300301
101210
2213
1102202
30203
2010230
101231
22103
31001
1032002
1023020
301121
3200003
331100
3200000
1302002
101
3220100
10103
31100
32000
2231000
2202002
1103201
100301
102023
1002011
3301001
1212200
3202001
202310
1021031
2010212
3010301
1103210
3202010
1121003
311300
2201201
1020113
2010023
3230000
31301
3200021
31310
10010
1201010
310001
130031
1030010
1310
100232
311030
1002002
11102
1031000
1120103
111200
2103200
122102
300320
1101230
1001003
3003002
1102220
3012020
122300
2030
210131
1000121
1020200
1021100
20003
302300
103211
1100003
1100000
201320
10100
2021201
2113100
201110
131021
3112001
3121001
3022010
3210002
2010200
1022120
220022
2010203
3200012
111203
2001113
3210011
3212000
103010
121001
1011023
3103010
1030001
1133000
13013
302030
122003
1100303
1102001
3000212
3103001
2012300
103220
2211200
311000
320000
2100002
1102013
232100
1100012
1130
2120
1230011
3212
2100011
1230110
20303
12221
2011220
32201
2102003
100322
1010330
1130003
2100020
2201300
2100023
1002311
1100021
1220210
1210013
231101
1212002
1001201
1000310
1120130
1100033
2100032
1101023
2102021
1101020
301130
121022
110210
1210022
1032101
3220001
212030
1320011
2102030
1303100
1310300
3000221
1000313
1121
1002200
2203100
1321010
2030111
2000300
1230101
2011202
1000322
201020
212012
1120301
201101
310211
1200122
1210001
1102031
302
111002
112100
10220
1030022
1020122
2110001
2030120
212000
1211003
320210
230111
1031030
1210010
1330100
1012001
2110010
102320
2010131
213101
110
200210
2030210
1033010
1022000
133001
3311
3011012
220301
2110022
2302001
3011021
2000132
3002120
12110
1001300
2100101
1023101
10313
313001
322001
2112020
3200201
1301210
230300
2010113
2100110
1213010
3200210
1000022
1310030
2300210
1210031
212003
1212020
3101012
131000
3000302
2100122
131
20132
123002
210212
1031021
101021
1103300
1033001
2010122
2010101
2000231
110303
2102120
210320
210020
2002130
1003001
1313
323
2120003
2120000
3103100
20330
2100131
200000
21311
2012210
3011030
22211
211022
1200113
212300
2010110
2120012
13031
3020
2122001
311012
123020
3020003
1321001
211013
2122010
220310
33101
112022
321200
1122200
1322000
203030
2110100
103202
2110103
3111002
12113
132002
203
1100102
1200200
13130
12032
3230
1110230
1100330
110201
21032
201122
2012201
3101210
312200
200201
1220000
30032
103001
100112
11120
1211030
2300201
3101201
1130120
2100200
12020
2100203
1000232
103112
3121010
2100113
1002320
21230
2021
22130
23111
2100212
2031200
2102201
311021
210023
2130002
130220
211001
2100221
1103102
321011
2011130
20222
2130011
2001311
10112
21203
2132000
1213100
2100230
211301
13301
1211000
2011022
2220002
2020001
3111200
1002230
1231100
3000311
2120102
131012
1200221
121202
120110
1033100
1102130
22301
1103120
121103
1121000
3131000
1110203
1312010
313010
301103
1120010
2122100
1201001
23030
1020311
2010032
312020
11003
220220
211130
2013200
1030220
200330
1120001
110000
1201013
210011
1000331
3002003
1002302
32030
102011
31130
23003
201200
1120022
2002301
3101102
1013012
21122
2112200
22022
1301000
23000
2030102
11012
2110220
3211001
1120013
1000031
1200203
3002012
122210
1013000
1122002
1030310
2201120
2100302
2200112
1230020
13121
1231010
2130101
1010222
13022
2100311
1121030
111320
1103012
2102300
23201
20021
1200230
1013003
1201130
213011
2100320
3020300
202211
2200001
1030100
2010002
3020000
1030103
220211
1120031
11330
20012
101201
1002122
12230
1200212
101012
2001320
1230002
300011
2012120
3300011
3000203
2120201
3012002
3101300
1101320
3300002
2031002
2120210
1231001
2012102
23120
1020203
132200
123101
10121
1310201
330101
2311010
202301
2301002
1210220
102101
