0
3
100100001
120201000
103020000
111120
111003000
21111
40101
101110011
10000101
120300000
301000020
310100010
201011010
21020001
203000010
10020120
100002120
102020100
20201010
100010310
101210100
4100010
12201000
10012110
100010022
121000011
110003100
100103010
3000012
211010010
100111200
400010001
310000002
201000000
10000401
3000030
102000
111102000
12110010
3000021
30100101
30030
300003000
120000111
10104000
101120001
100000200
20022
211000101
212010
3000003
200000004
3000000
200021001
100023
110102100
12021
10020300
4001100
101101020
30011010
21201
22101
11101200
1023000
13000011
112001010
3000201
221001000
2030001
2000400
120102
1000140
1400100
21000021
211020
10100001
2030010
100011111
110012001
101211
3020010
110000220
300002100
110300100
21021000
10120020
20000130
102000000
22002000
1011
102003
100120101
1104000
11002020
3020001
20020101
112011000
20000010
210102000
1000131
10140000
11300001
2012001
132000000
11010102
100001031
10001001
130011
10001013
10100301
110210001
210030
4001001
1102020
202101
31101000
1140000
2012010
401001000
1200102
3030000
20040000
10013010
3000111
100110111
103011000
1000113
12102000
1000110
3000102
320000001
12011001
200000130
110201100
211100010
11030001
200300001
101200020
20211000
312
3000120
10120200
110001210
1000104
131000100
201111
310100001
100020300
200201010
100020012
20310000
102011100
100100031
210300000
310011000
110111001
11121000
300020010
111100110
100104000
10021200
21001101
131100
10001112
101003010
1200111
3000300
300001200
122000100
112110000
101011200
201010110
20001201
110100210
20021100
1200120
1002210
3020100
23000100
111000021
1400010
111010011
110011200
100014
121100001
130000200
10200201
204
1400001
101211000
20100210
103110000
100410
31011
1010130
110010111
1000221
120100101
100000230
11002200
121020
140010000
201102
2400
10001400
4110
100101120
2000301
100211100
30001020
10200021
11130
2200011
202000011
1000212
100012101
200020101
2200002
11110002
200011011
1010112
4002
102110100
21300
101010111
2200020
110200011
310010100
210101100
200031000
1001130
14001
30000300
3300
101102010
21010002
10101021
10121100
21002100
200112
1000203
1010103
1200201
200000001
20200002
111111
100002021
300000300
212010000
101210001
100010211
121000200
212000010
10010010
202000200
201111000
100310100
200100201
100200120
32001
11011101
102120
100111101
101000130
200002110
200130
101020101
20300010
32100
1010100
132
121200000
10122
2200110
1101
120000012
2200101
220001001
130002
100011
201100002
110040000
112002000
11102100
100021002
10300002
1220100
20010111
30000012
40001100
10101201
1110111
120200100
20102001
300020001
41001000
301000011
111002100
1110120
10010310
1200003
100003110
12201
104100
13200000
301011000
310001010
100210101
20030010
114
110300001
112101000
1200012
110000121
1020120
21011010
1003200
1010211
10002120
22000200
11202000
203100
1014
400110000
10030101
210300
20010
200121
100120002
12000111
2200200
1000023
321000000
30100020
100001220
113000010
1010202
1200030
102
140000010
1020102
111001011
100102110
1000014
210100011
101100120
310020000
110201001
1000020
1001211
100110012
202110
1202001
111101100
2001
1200021
20103000
120001002
1202010
30011001
210110001
1001202
112200000
330
11111010
11100
100020201
101300010
1200
10110102
41010
1000011
111100011
100100220
200010111
300300000
12100200
13110
301010100
41100000
110101200
10221000
11000004
210100200
200001021
100201110
104010000
301002
111200100
200030100
1110201
1000002
112000110
1311000
10130010
110100111
2103000
1110210
220002
100002
400100010
111000210
111010200
10102020
22200000
102001020
2121
103010100
310000110
10400010
220000101
130000101
20020020
200010300
111110001
210000030
1001040
2020200
3100020
110010012
1030110
110040
112010100
20004000
4101
10031001
301000002
102002010
201011001
300010020
101001120
3100011
1041
102010200
120100002
32010000
21100020
10301001
210010020
100101021
40020000
2111010
102110001
1001031
100012002
10110210
211010001
1011210
101002110
1011201
110200200
12200100
1030101
2002200
10011210
1021110
21001020
1111002
1001022
102210000
11000400
101400000
302010
112020
1220001
1010013
1111011
20001120
213000000
1202100
201002100
1010010
11012001
110110101
1010001
1220010
100010112
111002001
100103100
202000002
40020
121000101
302000010
110301
100310001
100200021
200100003
11000100
200121000
101020002
20100201
11310
120000201
2111100
1111020
110002101
102101010
100131
200111010
12001011
11031
114000
1001013
100000002
1001010
11000220
201201000
20120100
1001001
30001011
201200100
21110010
2020101
10210110
21101100
120210
1001004
200003001
100202100
2000031
112001100
2000004
100041000
10202100
11100120
1140
110000022
121002
400100001
11100300
102111
1011030
2000013
220020
32000010
1040100
10111110
310000101
113001000
10000020
11001003
10111002
10000032
211100001
10302
1100400
20002200
10103100
13010100
1001112
10023
20013
141000000
1021200
12010101
1003101
200201001
100001121
10020003
20300001
100301100
230000010
20101200
10012101
1002030
102200010
1020003
100030020
1011021
100110201
200000310
1001103
310101000
1012200
1031100
30012000
20010102
111101001
300000030
101200110
11100012
1111101
10000200
1000041
10000212
201001011
10032000
110001300
102003000
1011012
100020102
1111110
10000140
1001100
220011
11200020
201021000
110101101
100100121
3003000
210012000
2020020
113100000
202101000
221001
300000
201020100
210100002
302000001
10211010
10000104
111200001
112000011
10020111
101011002
1011003
101003100
110100012
20110110
112100100
10101
11013000
3100200
222000
200400
2020002
4000110
110100300
110011002
111000111
111010101
103010001
2020011
320000100
30100011
130000002
200120100
11001111
12110001
112010001
100000320
101310
310100100
101001021
100000032
13110000
200110110
210210000
12002010
100004001
20011101
102010101
210102
300003
102102
2002002
212000001
1000410
10100112
1021020
102102000
13011
13000002
101002011
1000401
2310000
2002011
10100040
200002101
110200101
4000020
10100100
4000011
21000003
20031000
10100004
31000110
1010040
101110002
21012000
13011000
1004100
1002111
10120011
20000112
400001010
102000120
13000110
100010301
10001040
310002
110110002
112011
30021
100010013
121000002
22010100
4000002
100103001
300012
20000040
1002102
30120
11010021
303000
312000
10100400
10001004
3011001
101000220
20020011
10112001
130110
23010000
300000021
300021000
12011100
2003010
103020
200200101
301001010
11200200
11010201
1010022
300
2040000
210011100
30002010
301101000
40011
301011
310011
10100220
11101011
20100000
102201000
11211
101101011
2003001
1101300
30010200
202100100
112001001
11030100
10200000
40001001
30012
101201100
21001011
2022000
100011102
10001211
20004
10001103
110000211
103100010
220101000
30210
211110000
20202
212100
1020
301020
1113000
1031010
200020020
100001310
211002000
11201100
140100
201000300
310020
100001022
20021010
100301001
100102200
200103000
12111000
23010
300020100
10203
1001400
100110102
300102
30001002
211110
302100000
20100120
202011000
1020030
31110
301100100
222
1022010
2013
101200011
21102
10200012
21110001
1210110
110001201
1003110
30000210
200100120
11130000
20200200
1212
42000000
100020003
23000010
1012101
400001001
101300100
100100310
13001010
20001
100100022
110101002
21002010
10101120
111100101
110030010
112000200
100201200
10101000
101003001
32000001
100110
100040100
1022001
300111
111210
300000012
41000100
210010011
210000210
21010200
110100201
10010001
112100001
40000200
301001001
201001002
2211000
1300002
42000
111000012
10200300
2010300
10002111
10002003
201110100
112002
101040000
30101010
11011020
201101010
10300101
4000200
310002000
211200000
301110
110010102
100104
12003
130101
100300200
220010010
102002100
2211
211101
3111
11031000
210010200
411000000
12012000
20400000
10014000
10320000
10010301
20010021
101010102
101002200
400000101
10201020
10010121
220100100
11110101
10002
101102001
1300020
200111001
12000210
1022100
1101201
210111
102000021
20110101
100002012
21000210
1101210
20130000
10030200
10300200
22000110
100010202
100010010
123
12000102
10320
100200111
301000101
1030020
103101000
13100010
30100002
1032000
310001100
200010030
211001100
2010210
202010100
120000003
102101100
212100000
20301000
200102100
10201200
101031
111
12000030
104000010
40010010
400101000
110031000
101101200
121110
11111001
100003101
101030010
1121100
101201001
230000001
311001
40002
11210001
31000101
30210000
110000112
100011003
1311
200301000
110000400
4011
20000103
2102001
20111100
10110021
103200000
1101012
10130001
1023
1210020
20000031
1001310
10011021
240000000
12100011
113000001
201000102
20020002
201201
10400001
2011200
301002000
111001002
100030110
10301100
1210002
101100111
201100110
100110003
11112
11012100
1210011
10003011
21100002
2110011
110120010
101200200
2110020
400100100
110010
10110201
130010010
1040010
20120010
200211
302001000
1001301
101300001
111100002
20012100
2102100
21001002
1000230
30200010
100230
200001003
20000310
200022000
211000200
100002300
210200001
112000101
200021100
10011201
1040001
311010
110100102
110130000
200101011
11000031
100010040
200012010
110021010
111000201
20001030
101022
1410
11000103
12001110
202001010
20021001
2110101
320010
210000012
230001
32001000
2110110
110010003
10031100
12300
200001000
12001002
102210
102002001
101001111
200220000
200000040
100300101
100101300
31020000
200202
210010002
100101012
1101111
11020110
30000201
10210101
302000100
1101120
210001101
311010000
103002
101010003
2011110
23000001
11100111
300000003
103000110
110001
21002001
104001000
110022000
1121001
14100
11001030
10000011
102000210
300001020
20040
200300100
2011101
103001100
201010020
3002001
100200300
41001
300210000
100200012
101000022
20002110
102001200
30101001
101000310
10131000
3002010
301101
131010
10401000
102101001
120000000
121101
300011010
303
10012020
130011000
2130
31010010
20010300
11100003
10004010
10000311
10310010
300120
11120010
10000203
1200210
200020011
1230000
101101101
1000302
10302000
1010220
20010012
302100
100020030
1041000
11200011
100003002
30020100
23001000
20130
311100
110000013
101013
31001100
103100100
100011000
110000301
10020210
10211001
300010110
10000131
20103
200000103
22020000
21000201
10012200
300000120
201120000
22000101
202000110
20301
20110020
200100111
100001400
10020102
111030000
102100200
2011011
2011020
200002020
11001102
21030
2301000
11001210
102200001
100102002
120020010
3010020
11021001
20210100
201210
400002000
100110000
200000100
1200300
12002001
3010002
4110000
101200101
110130
3002100
110001003
32100000
200210010
2103
20011011
1101003
100100400
3010011
120010020
10113
110220000
100100112
10100103
201101001
201012000
120300
200220
220001100
100032000
10100031
10120110
110030100
211000002
112000002
100201002
10112100
1103001
1032
110100003
13000101
40011000
1103010
311000010
101010
203001000
112110
400011
41000001
111000102
300011001
301200
11010012
330000
1010301
21200010
410010000
10021002
10001031
3010200
10013100
321000
110010000
120000030
401010
402000
100000311
31000020
100000122
400101
113010000
100031001
101001012
400000110
400001100
104100000
230010
200300010
100131000
11010120
1020201
10011030
220002000
101004
100300002
100101
211011000
11101002
40101000
101400
10100211
33
100040001
20100030
201012
200200020
300120000
300200010
30001200
1110102
210000201
11010210
2101110
1002201
20120001
101002002
300010101
101010000
30010110
1000311
10200003
110121
100130010
10003110
2000112
20100
101040
103000011
14000010
200010021
2000100
2100
300110001
101110200
100121010
220101
4100001
30200001
30111
300210
110020110
20000301
400002
240
10311
10003020
200030010
11103
330000000
21200100
1201101
10001130
2000310
201300000
12110100
2101020
102000111
100140000
103001001
3010101
200004000
10230
1102110
2300100
100002201
100230000
100010004
100120020
2301
121101000
33000
300110010
11001000
11002110
210110100
31100100
40110000
1020000
4200
3201
11001120
10021110
120030
103010010
110010300
101000211
100010400
1012011
13101
102001101
112101
1131
2013000
1013001
111011100
200010210
100031010
200100012
11200101
113000100
200001120
10002300
2000130
40100001
101301000
1300200
20100102
100001010
2101011
2000022
1020300
10013001
111021000
120120000
2100003
111001110
121011
22101000
20001000
301200000
30003
2000040
102001110
10200111
104000100
1020012
101000040
100011300
1002003
300001110
20201001
21000012
120001020
200040000
200001
100400100
321
120021000
204000000
30000120
30101100
311000100
11110020
210021000
10010022
102020001
120100200
21210000
10100310
300001011
2202000
1030200
14001000
101030100
120030000
220000200
1301001
20200110
311000001
100111002
13001001
110000010
11010300
101002101
131000001
2112000
102000030
10101111
10410000
120110010
211101000
201100101
10101003
201011100
130100001
202110000
11003001
100300011
300200001
21010110
300111000
22200
4010001
201002010
203000100
122001000
30010002
1401000
100023000
110200110
202200000
100000101
100202010
110002200
10010004
13020000
410001
120000300
12030
20001012
2001300
100001301
24000
2210010
10002102
101101110
31101
30110010
102100101
211010100
10121010
30120000
300100011
23100
11002011
100001013
40000020
1104
10002030
100022010
31200
4011000
1012020
310101
1014000
11102010
10113000
110010030
110102001
131010000
3001002
21011001
211001001
310001001
10300020
10030011
202001100
20100111
120010002
120020001
31010001
111110100
10000320
130200
10040010
100022100
1201200
120100020
10022001
310110
14100000
100101000
110010201
110120100
101200002
12100020
2031
12111
201200010
100122000
110001000
10011111
110011101
120001101
120010101
200100102
111100020
221100
1021101
20010003
300300
101012001
11301
101010030
202001001
201100200
100201011
40100100
221100000
220020000
100100301
110000001
10010220
300000111
210000003
100100013
30000102
21003000
10201011
110310000
11022
11121
111201000
121010100
110030001
22001100
20001300
10002210
100301010
23100000
110112
100401000
140100000
10120002
2210100
12101100
40200
100012020
200000031
11100000
110100000
120
101130
110011011
11011011
10010100
21020100
20200011
100010130
10010112
111011001
121001001
121010001
211001010
10001202
200003100
210001011
101121000
101021001
212001000
100200
111000003
12000201
3201000
10200
1320
100111020
100221000
20003100
101020020
111300
402
13100001
120012000
101301
111300000
200000112
10020030
210000000
101100300
30100200
110001021
110002011
100000023
31010100
200000202
311100000
200010102
101001030
30300
3110010
10010400
110022
101000001
10001100
100101201
100000212
110110011
100000020
200100021
20003001
110003001
101001201
300001002
200000220
211100100
201000120
12000021
202002
103110
211000020
211000110
1110003
201010011
100101102
21120000
200202000
1201020
10014
11110110
110004
200110011
1310010
11111100
101001300
100400001
2001201
20011002
21100110
220010001
30
12020001
103000200
10020
200201100
100002210
100200102
100003020
1310100
100030002
1310001
10110120
400000011
300201
21000000
2001210
210020100
110000040
410000001
2120001
100302000
120002010
100001004
30000003
201020010
120021
1030011
100030101
21000120
401001
110020101
310200
22010001
101110101
201020001
201030000
100000203
101010120
10110012
30000000
220110
103011
10004001
201010200
10110000
300001101
102000300
100112001
300101010
10400100
1111200
221000001
20000013
201001110
12100110
20102100
20111010
100200030
120111000
12100002
410000100
311001000
10102002
100310010
410000010
101000112
21200001
3011100
110101011
120210000
12000
40110
210101001
120100011
1030002
11210100
101000400
200010012
140001000
100010121
200120010
100020111
100020120
312000000
110020011
1120002
10011012
31000011
110012100
14010
100013010
30010101
121200
122001
20200101
2220000
110020002
101013000
20011110
12102
30111000
10003002
2201001
200110020
2000220
301100010
104000001
300000102
1302000
11000310
231
210111000
100400010
110400000
110001030
202000101
110002002
30002100
300100110
1110300
10110300
100110210
310200000
11020020
410100000
200011101
110001012
101121
10011300
20202000
21100200
100203000
20031
220000002
1110000
10410
120101010
210100020
2220
200002011
220000020
3120
10202010
20000220
201003
1201002
210001002
13020
110013
2001120
10030110
110000103
10131
2010201
101210010
110100120
101130000
220100001
132000
20020200
100011210
100112010
101011020
200011002
1102002
20101110
110100030
2010
30201
110103000
2004
210020001
310000200
101000004
300000201
12200010
12010200
2121000
2001111
212000100
110011020
11000010
1221000
121020000
11000130
3120000
200210001
210001020
200013
100001202
11310000
1110021
420000000
111000120
103101
300110100
1203
300101001
4101000
200002200
21003
130000020
101100021
100302
12210
1110030
10210200
100201101
1110012
200200011
100100040
200100030
102110010
121000110
131001
10200102
1010310
101100102
210100101
10102200
221010000
102020010
210011010
120110100
31011000
112010010
210210
12001101
101021010
121010010
11000202
2022
110010120
2002020
20121
110120001
2101200
10104
23001
12021000
120012
102030
100100130
20101020
2100000
210002001
1201011
111030
11201001
30030000
10210020
130010001
11040000
11100210
202100010
1103100
22010010
12020100
112000020
4000101
11110200
40000101
201000021
3021000
201003000
120010110
42
100401
100100202
100100010
200200200
401010000
110100
121011000
300012000
202020
101310000
1201110
102010011
100011012
100130100
101110020
10230000
22000011
30000030
10122000
100210200
130001001
20220000
11001021
10000014
21010101
120003000
100203
200004
10002012
100220010
110110020
21021
13010010
3110100
110201010
301000110
1101030
11211000
100013100
10111020
110103
100201020
110021001
2001021
20022000
20002020
100014000
40000011
113010
31002
102001002
220200
200130000
10000002
4020
201030
1210200
140000100
20030100
2101101
200310
10020021
301100001
411000
2001030
20310
401100
22100100
10010040
10010013
1011120
200301
100031100
100000401
101112
300100101
120000120
10012011
41010000
101120010
100221
1211010
12101001
200030001
1000122
11100102
20030001
100000113
20400
200000022
10001220
100021110
10040001
10310001
30000111
100300020
10102011
10000302
110300010
100101003
10022010
41000010
11100030
1013100
1000320
2031000
12010011
102300
141
100210110
10000230
11101110
111020100
22020
200011110
400020
202011
120010200
2021100
111111000
1112100
100020021
1100301
100021020
10030020
40001010
301001100
231000
110013000
11120001
103000101
111021
200010201
411
320100
20201100
20101101
200001111
100011120
1110
110012010
300011100
13002000
110102010
11200002
100220100
2001000
100110120
10000122
12120
10011120
11020002
221000100
102000201
100001040
100100004
10000113
100002000
4010100
2202
211200
130001010
204000
201021
201010002
400200000
3001110
1130010
1100220
10001310
300030
1002
110110200
2003100
12000012
20110002
1130001
100200003
20001021
11200110
101000013
10040100
101012010
11003010
30001110
200210100
30300000
201110010
110210010
101000301
10000410
20010210
10011000
210000120
230001000
1130100
100122
200001300
40010100
2300010
11021100
11001201
20000400
420
20210010
2300001
31001010
121001010
1410000
210003000
10004100
300002010
1131000
300010200
101020110
40000002
2011002
24
200031
1203000
201002001
2110200
2100021
130100010
102030000
200001201
11001
200101101
200101200
101112000
12002100
3001011
10100130
201102000
1300101
4020000
100011030
120001110
100001001
300201000
10000110
30020010
111110010
100000110
10003200
100021101
101020200
100002003
101022000
121100010
100130001
221000010
110000202
122010000
3001020
102201
12012
21101010
21102000
110101020
2021010
110111010
110000004
120020100
121110000
220100010
11000040
12003000
110000100
100022001
200012001
13000020
111001020
10100010
121000020
10100022
2101002
20000100
101101002
102100002
11040
100003011
12101010
1021002
11020101
210201
101001
120011100
300000000
400010100
11300010
21100101
101103000
2400000
13000200
201200001
100000104
21120
10000023
21
101004000
101111010
200400000
3001200
111000030
11022000
111010020
3000
110010210
3003
11010003
201000111
100001103
2021001
201
10001022
120003
200112000
210002010
100120110
200002002
31110000
120000210
320001
101000100
4010010
112020000
210201000
10001301
202010010
101100003
210020010
31000002
200111100
2210001
140000001
14000100
120100110
21101001
200102010
1010121
2120010
12020010
120200010
12011010
120000
110000130
11101101
1300110
102010020
1302
110002020
21201000
11030010
20100012
10100202
10103010
203100000
110112000
101111001
1101021
320010000
202020000
100012110
101031000
30010020
1031001
111000000
1100310
11101020
210100110
10311000
20012001
100004010
4002000
300200100
10032
10001010
110200020
21012
120010011
110220
1212000
100100103
11010111
100010031
130002000
2102010
20000211
1401
200200002
100110030
10130100
200310000
40100010
111201
100030200
110020200
113100
10212000
401000010
11010000
21210
20013000
22110
10001121
30201000
1112001
2000001
1101000
111012
200000211
11201010
100002030
21030000
201300
110310
110400
100010001
1021011
210030000
100010220
1112010
1121010
10111101
20001003
11112000
110003010
100210020
100211010
100311000
100320000
11002101
100111110
1301100
300002001
10021101
20001102
10310100
10200210
101220000
230100000
301020000
201000012
310010010
2004000
101100
230000100
130101000
112200
111210000
31100010
100000221
10101012
2000010
20100300
100102011
3102000
120000021
100001112
2000202
100000302
210120
1100112
20100021
20110011
201100020
101001003
103001010
100000014
22002
200000400
32010
100021011
3200001
100212000
400011000
1012110
211000011
101202
104010
1101102
210002100
10200030
222000000
12
10110
30102
20101011
210001110
201001101
220000110
1100130
301110000
1300011
201100011
121002000
10000221
11300100
11400000
111020001
11110011
10031010
310000020
101030001
200110101
201010101
11400
1010400
1011300
100311
11000112
103000002
22110000
200010003
200120001
131100000
20200020
100121100
100121001
100011021
111120000
10101102
10220010
120002100
13001100
21010020
10101030
22000002
10101300
2112
21010011
100202001
111102
130200000
230010000
21300000
2201010
3200100
200021010
1211100
102000102
300030000
210101010
20110200
101103
100010103
10120101
230100
10220001
11001300
2012100
100120011
210000102
200020002
20002011
12010020
10010031
102120000
100041
41100
100200000
100030011
101100210
101000010
10121001
20010120
201000030
11011110
20002101
101000202
10041000
10002021
100212
101100201
103002000
11102001
20300100
200010000
2201100
21111000
1002300
200100000
20000121
100010100
200001102
10030002
20010201
201000210
200001210
210120000
3200010
201210000
10300011
11210010
12210000
30110100
100220001
100110021
200110200
100140
210200100
400110
10100013
3100101
10210002
10101210
102011001
3210000
302010000
3021
110121000
200101110
110202
21001200
2001012
131000010
120001011
101011101
102000012
211020000
110001120
110000310
202200
401000001
30003000
200000121
102021
120101100
100001211
100020210
410010
22100010
200040
1004001
20010030
10010211
1010004
102011010
10100121
10020201
1100202
21000300
3001101
110020020
100300110
110004000
10201002
20012010
112100010
20011020
100000131
10002201
1301010
120110001
1002021
20220
210011001
1102011
111011010
1100211
21020010
22001010
122000010
100112100
101011110
12000300
120011001
310010001
11011002
12200001
200211000
10010103
2002101
1113
1102200
11220000
12000120
101000031
123000
30011100
2310
1002012
402000000
31020
100003200
3012
110011110
100113
11220
110202000
202100001
11000211
10022100
100004100
203010000
100001100
1002000
10300110
11021010
130000110
40002000
11003100
102021000
10041
110211000
12000000
2040
13100100
200200110
301010010
30100110
110010021
12000003
101100000
11000022
20210001
102100110
210200010
2000211
1120101
100000140
120120
20111001
210001200
3210
30110001
11010030
20121000
1001220
10200120
101021100
31001001
300102000
10201110
31200000
102001011
300100020
100000410
100101030
111001200
310110000
20001111
103000020
201001020
110301000
1100001
11010
20011200
220011000
100012011
111010002
2000121
30020001
102100020
320001000
10110111
1100010
101010021
201000201
100040010
400000002
2111001
100320
201000
410001000
201120
100100100
1000032
1100004
1120110
100210002
110001111
21000030
100032
100100211
201001200
100113000
201110001
10102101
11000001
100020000
111000
21000102
101110110
203001
10212
1100013
110211
122100
101010201
1001121
2100012
200000013
20000022
110001102
101201010
300010002
1100022
1200000
110110110
10110003
10102110
11004000
111002010
1230
401100000
20020110
202000020
12100101
2100030
33000000
2110002
200020110
231000000
30002001
1100031
111003
200011020
10003101
140001
100111011
10201101
101220
101020011
2010012
21000
1100040
102100011
410100
22011
3011010
400200
100102101
102200100
130020000
120000102
11103000
400020000
122000001
110002110
10011003
102012
131001000
1011111
1320000
210000
114000000
1000200
30000
101120100
101001000
12120000
100000011
100200201
100021200
101010300
200000010
14010000
1211001
20000004
10211100
10023000
10301010
21000111
13002
20100003
212001
11000301
300101100
111012000
20003010
1003020
101202000
11020011
30010011
104001
101000121
200100210
11002002
210003
10002000
21011100
123000000
10401
2100102
101010012
10112010
200003010
100002102
1012002
103200
110200002
2100111
1122
2002110
302001
210000111
113001
100210011
100101111
10202001
110000031
2100120
102010002
20000001
120002001
101001210
220001010
120200001
2010120
200101002
3101010
21001110
211011
1003011
102012000
3110001
111000300
210000021
10010130
2010102
3101001
102000003
1120200
130001100
100120200
213000
300021
11012010
210010101
20001210
1210101
210000300
301010001
1020021
2010111
13101000
11000013
300100200
220000011
20112000
1003002
11000121
10140
10220100
320100000
111020010
101102100
1100121
101000103
300000210
100001130
141000
101012100
210
200101020
102300000
110210100
12001200
201101100
3111000
200001012
31100001
100102020
1100103
24000000
1100100
2001003
210021
101100030
121001100
12001020
221010
22011000
100013001
13200
10011
1020210
111001101
100011201
400010010
111100200
310000011
1010031
3102
2100201
220010100
200110002
211002
30001101
111101010
40010001
11020200
20101002
130100100
2100210
21100011
303000000
1102101
140010
2130000
2001102
120201
10021011
20112
300010011
120001200
100200210
10210011
1002120
100002111
11100201
21110100
200012100
12300000
1011102
11013
11004
210010110
110031
120101001
110101110
110111100
4200000
100101210
213
240000
10111200
10203000
2120100
1011000
1000101
202010001
220110000
102111000
122100000
12030000
101100012
3030
32000100
111200010
30200100
200102001
210012
101001102
1120011
101011011
11001012
200013000
11120100
110100021
11202
10111011
13010001
10000041
120102000
130020
3010110
40000110
1221
2020110
14000001
3100110
1120020
120111
203010
20002002
10103001
210110010
2010021
101111100
111010110
3101100
121100100
12010110
1020111
10011102
300100002
200010
1013010
10020000
2030100
10020012
1122000
3100002
130000011
203000001
220200000
2100300
2000103
200022
200010120
2010030
20211
202002000
130010100
200001030
10012002
10021020
200100
11011200
10110030
110021100
400000200
301000200
420000
200100300
100110300
100000041
40200000
2010000
4100100
2010003
10221
100410000
122010
400000020
31002000
102010110
11100021
10010202
31000200
3000210
30000021
100012200
100211001
103100001
20102010
4001010
200011200
401000100
12010002
130110000
120011010
1004010
3012000
30021000
20010000
3300000
101002020
30102000
22001001
11301000
22100001
320000010
100020
201000003
101010210
200000301
200103
20000202
22000020
200020200
