1
232000000
213010
401001010
200001031
420100
140020
200104
410100100
10020220
102004000
110300101
320000011
20110120
200004100
300030001
212002000
10012210
100120102
10203001
4100020
211030
3000013
11001040
301000021
301021000
30121
31200001
102100120
100001032
3004000
101004100
32100100
110210002
3000031
11001112
210000040
12110002
42010
402100000
20212
100110112
103011001
102300010
400010002
203000011
10012
3000001
123000001
102001
210010030
101200021
4001101
412000000
110001211
21120001
3000211
3012100
213001
300200200
12300001
3020020
101300110
100100320
10100101
11230
31120
110111002
20031010
212011
110101300
211101100
21012010
201011200
214000
10120012
202110100
20000122
100040110
122000101
12010201
201002110
101011201
13000111
200113
202111000
1104001
110100211
3020002
202000012
20011
11101300
101103100
303001000
22200001
300002101
200011012
1140010
11010010
211021
130000201
4001011
310010110
101040010
1200100
220020100
1140001
1200103
3012010
110010112
11010202
202102
140002000
30002020
3000103
1033
201201010
101001220
11010130
102010012
300000310
112010200
11101012
40012000
3000121
201200110
401001001
400100020
1311100
21121000
210031
103210000
21202
102110101
310000120
411100
10200001
110200012
401200
201112
4011010
1200130
10021300
30001300
101102011
123100000
10001212
301000012
101110201
2140
3000301
1200112
10001140
102000031
30200101
11221000
200211001
131101
1012
101200
101210002
110003002
121000201
300020011
200003200
12202000
1200121
3020110
200201011
101000131
201100
101020102
20021020
301011010
20410000
210300001
104110
110020030
120000013
20041000
21001
20100130
300103000
11110030
220
10200121
1001140
104000020
20120101
2200012
110102002
30001012
20140000
12022
31100200
30000220
100202200
200110
11130001
10220101
112001200
121021
101030020
42000100
1132
202101010
20311000
132100
21002020
100011013
1001131
110000122
211000030
11200
10101013
100141
201121
1200202
111001300
310010101
12210010
103200010
13210
10240000
20002201
41000200
10010014
201001210
210110002
130003
10121020
2113
100001221
131110
10002004
40030
302010010
30101020
11011021
102200110
203110
11102020
100102111
140001100
200131
2200102
103003000
3020200
2200120
111101101
10022011
110120020
11031001
1001230
313
101200210
21111010
12012001
201111001
1220101
112200001
10010302
20010031
110001400
100020202
100020010
1200004
220000102
1200001
40001020
111100012
10010230
20030002
1003210
300020002
21011002
130000
1200010
12000211
100201111
22100200
201100003
400210
11202100
203000002
112000111
104101
23100100
310200001
300000040
20130010
110130010
10300201
2032
212000200
111000211
111010201
1001221
310111000
211010002
1200031
230002000
103010101
120220
200122
13100011
30100012
2002300
20301010
111110002
1220110
301000
1200040
103300000
40010110
1001212
200200111
2311
3013
1011112
121012
201100000
102002011
1200013
1001200
10201201
112030
100004101
102010201
120100003
400000000
20011102
100101022
1200022
100132
102102100
11131
1001203
12020011
3211
101002111
220003
110200201
3211000
12100300
101010301
14011000
210004000
10110130
21000004
10221100
31000111
2200300
331000000
32011000
14002
21000100
101102200
301000000
10102120
31030000
102000220
20111110
10110010
302010001
101202001
110110102
2103001
130021000
100010113
111002002
22010101
21001300
1003300
200113000
10011022
100310002
100200022
13030000
10102000
100111003
1112200
140000200
1013200
20020012
10402
400000003
3100030
23010001
120000202
200103010
1001041
110002102
102101011
120000010
302002
110032000
3100012
130011010
2002210
100000003
11012101
200000122
202011010
400001020
10003012
21100012
103300
1001032
20100001
3100000
2111011
120200002
1021120
202020100
10110202
112021
1011211
301000003
300010021
200201002
210202000
100130020
312010000
304000
100003012
320001010
3110011
210000031
100210003
30200020
1021111
100011202
100011010
300031
301001020
103100110
1001023
110000311
1220002
1011202
210031000
12013000
302011
20001112
113001001
310101010
1021102
20020300
11000032
1220011
1001014
201130
100001410
20140
200130010
1001020
230001100
11000104
321100000
111030010
201110110
411010000
10201
100102300
100301101
10210210
201101020
2111101
200001400
220000
30111001
10031101
101100022
211200010
400011010
12001003
300040
210003100
10202200
1330
3130000
1001011
11000200
201002101
21101020
1011040
202000003
110001013
40021
221011
3100120
20200201
1001002
1220020
3100102
23000011
20001400
1021210
110101102
100100122
10103200
12021010
113100001
111100201
1011031
1003102
120211
301110100
31011100
222001
223000
101011003
10000012
2002120
20220100
13010020
110100013
112100101
2002102
1001122
1031110
20203
104002000
202000000
400100002
110011003
1011022
1100410
1001113
10240
1001110
111000400
2002111
32110000
3100300
20002120
20401
200112100
210121000
33010
401002000
103002100
112010002
10401001
202010110
210201100
100000321
21130
212100010
200102110
1031101
11013100
120100000
100120
220021
10000300
100101211
10310011
10000204
111220
312000010
20400001
1011013
3003010
10111210
11200012
1011010
101002300
1001101
300000031
130111000
112012
200200102
220120000
220012
10020211
103030
300001
1011004
10000132
3100210
221002
20110102
21000211
100010302
22000111
210030100
121000003
4000111
1204000
100200211
302000002
240000010
100111000
1240000
2002021
230000200
220012000
210100
100123
3130
21210010
10032100
203011000
11021110
1111
210100003
2002030
20210110
111021010
30003010
11032
102101200
1031200
110221000
2002000
211021000
12002110
14000002
2002012
120001030
13110100
110021110
1021021
10100140
100033000
20011021
1041100
112001002
2310001
4000021
114000001
101201101
100210000
310011100
3011020
40011100
30210001
210100000
111001102
13000030
210103
10100020
302100010
20000104
12301000
300001300
300010
310003
1011100
3003100
41000101
11300020
1021003
10303
200012020
4000003
10120003
220210000
213010000
300013
102100111
11010001
202001020
13011100
100132000
10021003
100001023
21200020
130020100
210000022
200010100
11200300
2003011
11320000
2003020
12011200
131010010
312000001
401000200
200001010
210120100
102300001
30002002
200110300
11010121
210200200
2203
31111
300000022
300021001
11101003
101200012
301012
103021
100122010
110001010
301001011
30010000
130010110
10311010
11030200
1101301
4030
301012000
1210
100020004
101300101
100100311
1101310
221020
21400
20032000
222010
2022001
40030000
10001203
110030011
120022000
21013000
20000311
2022010
101003002
101011000
11201020
10001131
40012
400111000
110100010
10212010
201010030
411000010
10102
110011000
20001031
3011110
301021
111000013
111010003
1113010
202100101
101020030
301030
20100400
20021002
120012010
101040001
130000000
30102010
32101
32001001
1003120
303010
1001410
310030
110010103
1001401
221110000
212101
210001300
211020100
100101400
100300201
300103
102010003
31020001
30110200
213100000
312010
220011100
10200040
1003111
42001
2203000
11110021
302100001
220030
201000301
101010103
13012
200040010
2401
123100
120121000
104001100
200103001
211111
21002002
302011000
10200400
20200120
10220020
101110000
22000030
10101004
4003
11003002
202011001
200000113
21010120
400001002
12210001
112003
210111010
400101010
40000120
300112
100200400
13001110
202000120
141100
200020210
120111010
2010301
1300000
300010003
100111
10121011
103101001
30101002
20022010
103012
1411000
300000013
110121100
102001300
4000201
2211010
330010000
301001002
310020100
211102
10030012
31010011
40200010
20010301
200000110
140110
10022002
104000011
10101220
30000010
3210100
131110000
200130001
200100310
20010013
100020130
1300030
201110101
101030011
120101020
10010221
10033
23001001
201101011
301010200
411000001
210112
10201000
31001101
220001110
211200001
2211100
100011004
10002211
1101202
211000012
101130010
1013110
100112020
100222000
22020001
401100010
103200001
10010101
1101211
313000000
130110100
203001010
210000400
20110021
210130
12000202
100001212
102100300
103
302001010
3202000
13100002
100001020
10300120
200200
12000010
102200101
2010211
2010220
200001004
100110100
310000
111220000
101100400
1013101
10320100
10201120
11301100
220002010
300000010
220010200
100321000
100211020
101200201
12112000
32100001
11111101
1121110
12020002
2010202
100020001
110410
40003000
1121101
10110121
400101001
1101010
10102111
20131
202010101
30201010
131020
13002001
33000100
100201102
213100
200030020
110030200
111202
112000102
10130101
110110030
300000004
10110001
110130001
2102011
4102000
1212001
111000202
11230000
110140
100014010
210110110
111000010
10122010
1320010
311010010
1212010
210121
101032000
12211000
2011201
11210101
11103010
200010220
40003
10114000
212110
110002030
1001302
121021000
120000130
220200010
200212000
2122
10031020
2011210
12120010
100000123
300001030
10003003
311002
102010000
21101002
101001400
301002001
311000020
310102000
20100031
2110021
30001201
240000001
111020110
20120002
210021010
10011301
101002102
30010111
101010100
110200000
121011010
401100001
320002
322000
220000210
2102101
103000111
100121110
400012000
411100000
20000230
100011130
110012020
1033000
410020000
201100111
10003
231001000
110020210
400010200
302001001
311011
2030200
102000211
20112100
203000110
200410000
130001020
11012020
11000023
100010104
2410000
21121
2122000
31100101
100200013
103000
210301000
101012020
320011
11221
12001210
1123
300000001
10210201
11020102
13101010
102101002
1121200
121001020
10011400
200022001
130011001
120120100
1101100
200000104
24000100
200021101
223
1101112
21102010
112120000
12021001
2320
200012011
1212100
11112100
3022
4111
30000121
200203
102211
132010000
2011111
202001011
321010
20121010
100130011
221100010
100003003
101030200
210000013
110101030
121110010
301102
103100101
110000110
100011001
111120100
200001001
1121002
311010001
103003
11001022
10131100
14020000
201112000
32000200
200101201
120011110
11120110
120110110
2110201
131011
2011102
41000002
101111020
100001401
2140000
10000003
121100020
10004110
320000200
300001021
10020010
300022000
3002011
210000010
201101002
1121011
202210
2130100
10012000
120020011
20101102
120100120
1041010
11100103
1121020
200000230
10310002
200211100
1200211
1222
30004000
110112010
200202010
110001004
12010012
300011011
300121
11001310
1041001
1200220
201220
400200100
410010010
302101
311101
111100000
4110100
210300100
22001101
10020202
23100001
20201110
2011030
10000123
311110
10020130
110100004
110211010
21020101
12013
231000100
100010230
2100400
10012120
220110010
200230
100111120
202201
100221100
10040101
22120
2011021
10000411
130101010
30100201
110131
122020
110014000
11021101
231010
4110010
100000312
31001020
101001013
301101100
20102110
100000120
13201
100021021
302101000
210111001
100300003
100101202
100101010
2011000
12002101
3002101
2011003
200020201
31000300
20011003
400002001
221000200
11101210
300130
103000300
230020
10330
100320100
100210120
32020
102031000
21000001
1001320
21004000
41100010
110300020
22120000
120002110
30112
203200
10100011
121210000
22010002
130200010
100002103
21310000
200221
101031100
232000
102000400
11300011
1200301
100230001
21040000
201111100
221020000
100200202
11010040
20111011
30310
200100301
100200010
210001030
231001
21200002
11010112
10001011
1220200
131002
40000021
321001
3010201
10410010
110103010
300020200
100013110
301000210
201100102
110201020
210011020
100220011
100110031
2031010
20211100
410010001
23110
10100203
130003000
40020010
203001001
131000020
10120210
200210200
302200
30010030
100130200
20310100
10311001
20012011
410000020
1201120
21100201
10112200
113020000
122020000
201000031
100003000
320100010
102011020
200200210
101401
110004010
2031001
201003100
10212001
10021210
4021000
3022000
20020201
300211
12110200
122000020
101011120
112020100
22011010
11201011
220002001
301100020
110100130
100023001
23000200
1201111
11122
121020100
200012002
300100120
110011120
11002102
330000001
202001002
122010010
31100020
130000120
102021010
210000004
120020200
310002100
101100010
210100111
101100202
1011310
10200103
200030011
31011001
400102000
101021110
121010110
300220
10001410
30001120
101200003
420010000
20101021
110001001
102110020
33001
100012021
210110101
200320000
320020
200100040
11110012
101010031
100100302
100100110
22110010
4201000
200010211
14001100
200001121
10220011
13001101
20200102
101110120
120010210
222100
20220001
21300010
110100001
310102
12310
111111010
11010400
311000002
201010012
121000120
110311000
20002021
301000201
111000004
13020100
1420
210021001
10121002
2210002
130201
10002010
301003000
11102002
20300110
2210020
10030003
102121000
101120110
101001010
401101000
310111
101001202
2202100
10300000
320100001
10101211
100300000
21103000
111210010
410110000
1201201
30000040
1221100
20030110
110113
2220010
1201210
13200010
113020
10010212
210101002
2212
40000
220120
1201003
110000041
220100020
10010140
10002202
2210110
110203000
202102000
12310000
30202000
11202010
21020020
10002130
21011110
102000013
10213000
100120210
11110300
403000000
40002100
12000121
110400010
202000102
10231
1312000
22000300
312100
20110003
1021300
310120
3201001
101000113
201220000
10300111
221100001
222010000
101131
321100
211001020
12000001
1201030
13102
111013000
110020012
102220000
30100120
122110000
100220200
1201012
121210
102030100
10201111
111101020
130100110
203100010
30011101
322
4101010
110013100
20011210
220111
120001210
122002
2210200
420000010
10110112
11111020
300001003
120101011
110111110
10110040
12100210
200310010
311011000
110000104
100311010
100201030
112000030
20000101
100112011
10102030
200000221
2410
2101012
10130020
11004001
200202001
20020120
131002000
111010120
100001203
4012
201030001
10122001
200201101
201000022
100001011
310201
10110400
31110001
320200000
11103001
100030102
300012010
3310
300202
31000003
201020011
10031011
110110
110302000
110010220
12120001
410000011
102010120
11310100
100004020
100114000
110120002
20100013
101200000
100211011
100012210
10030
220110001
21100120
302000200
100330
101002030
200400001
1110001
101010220
12200110
301100011
130002100
120201010
202101100
111003010
1110010
110104
100400020
300100111
120300010
11023
241
200030002
1110004
101122
211000120
120003001
102020110
200110021
110110021
11012011
1110013
20001220
2121001
100010032
201001300
13101001
11000014
300210100
3120001
111000001
1110022
11000110
102013000
120004000
101020210
12001201
1110031
200010202
301210
40010101
20100301
200001112
110002021
400003000
120000121
1110040
201210010
11020021
420000001
10210120
100000114
101013100
110102110
30301000
110101
121002100
101101030
101121001
1221010
30040
10210000
21110110
10230100
311001010
10202110
13003000
121011001
103000102
100121101
20200021
210211
100011121
110012011
21010021
40
221010001
210011011
110020201
300010210
212200
22111
102000202
11120101
10111000
13010002
10000042
200300020
130001011
111103000
112011010
300012001
40000210
104020
12101101
121201
140110000
100200004
132000010
410000002
101012011
102120100
10020001
21202000
11211100
100301020
120103000
410011000
200200201
100321
20010202
410100010
101112100
111202000
210202
10032010
10004101
110310100
30000103
11100022
40200100
20122
10000210
300100102
12010003
11001301
100020310
202100200
30021010
120101200
10000
100130002
300301
12030010
31010200
4101100
10024000
2003110
110101021
100100041
11140000
20110210
3013000
121110001
111100120
100104010
330001000
10000114
100112200
10132
31030
3301000
120011101
120110101
10012111
3001111
112100020
301300
101111011
2003101
13003
200100031
201000400
121100011
13102000
320110
14100100
1130020
110202100
23101
10040020
2300020
200103100
3110200
103110010
101100004
111110110
120020002
30400000
2300002
120100111
100000240
400001200
13110010
202011100
200000212
31001002
100101130
10211200
100211110
201010003
110112001
120400
202012000
110301100
110110210
30011020
330100
3001003
20031100
11101201
12022000
11041000
13000012
101014000
22
3001021
100100104
210000121
212101000
100303000
21000031
10100002
101110
20202100
13011010
112210
201020002
140100010
2104
110211001
21021010
21012100
100002031
22002010
100312
120400000
201010000
100010221
113002
33000001
100200130
410100001
10100410
100111111
11010103
310000030
101310010
240001000
30120010
201101110
112210000
120000310
121200010
320101000
10410001
31101010
211200100
110002210
100402000
11200210
131001100
101001004
3021010
100000111
100021012
32011
14000200
202210000
30002110
100101001
120200110
10120201
30103
101113000
40120
103012000
3031000
123001000
4002001
100003120
100113100
11030110
4020001
210220
311200
340000
100011310
100210111
200023000
22300
110300011
30301
12010
120002101
110012200
121003000
10001113
130200001
300200101
300111100
11201002
130001200
120130
102012100
112201
203100001
102100030
20021110
20112001
201301
100200001
3004
101004010
230101
1114000
122001100
10041100
101012200
40002001
2004001
200002000
20100220
110103001
121001200
24000001
202002010
11022100
421
202010200
212100100
101100130
200102200
2004010
240010
300002002
3202
100220002
100110022
310010011
30001102
101101
20101003
10200022
200311
131000011
120001012
112102000
110001121
11110003
10101130
3021100
12003100
101300020
30000310
100100230
10220002
2201011
300000211
13001020
203110000
110101210
11320
32000101
122100100
111011011
2023000
120102100
122000011
101011111
3200101
1301002
100040020
110100121
2014
222000001
322000000
10
10010011
101103010
130030000
110011111
10200310
101111200
121100200
30110020
10002001
122010001
201000010
130000111
410001010
202200010
102021001
312100000
2201101
110010022
311100100
101100001
112010110
30101110
201100210
204000001
100042
10411000
200302
112201000
101001130
100410100
3400
101021101
121010101
22210000
20010121
104020000
10101202
10320010
20102011
40001200
102110011
120100300
1320100
200041000
100012012
402010000
111201100
21111100
101010022
22100002
1301020
10010203
13200001
100100101
22111000
300310
1301011
10010131
200001103
102210010
11400010
101400010
1004002
201210001
120010201
100300
21020002
10002121
22001002
11202001
20201011
10030210
111111001
200012110
300101110
12020200
100103110
121000111
210102010
20130100
1002013
100111300
10022200
3200011
1002010
101000041
101020012
202001110
310010002
1002001
111102100
210000112
11003200
30100102
20301100
100000300
101410000
101120101
101001001
100021201
12000040
211100020
300000202
111210001
301200100
13100200
21120010
20011000
100202110
41020000
31000201
100303
310000012
22101010
100210300
41100100
2010022
300013000
211000003
100310020
41001001
10100230
12100201
11210011
20111200
10110031
10002301
220100002
114000010
10221001
30010210
111001210
122200000
100302001
2100004
111010021
120121
120030010
12011110
202300
110300200
112000021
2041
20000131
311001001
102000004
202
410001001
100120201
100302100
1201
12040
2100022
40000111
120000001
131100001
110400001
100033
400200001
2021110
21000310
40201
201001030
10120300
12111100
10102021
22200010
1400200
21211000
120100021
101302000
2100040
3220000
1010002
203002000
10011001
11020300
100400101
120021100
100411000
110210101
10001230
211001002
230100001
120210100
11131000
100102021
20010004
2200021
100212001
102200020
110020003
2011300
10411
100110211
20040001
1101121
300020110
10031002
211012000
1010014
1202200
124000000
103011100
40200001
110201200
214000000
42100
140010010
1312
11001004
21201010
10312000
123000100
200011111
101200120
1012000
130100101
20211001
101300011
300101011
120120001
11300002
100401100
410001100
21100102
20012200
220003000
320200
120001201
4300000
400010110
330100000
131000200
102003010
110011201
1012003
4
2012002
13201000
10402000
12200101
102011200
120101002
20310001
110111101
41001010
40001002
2012020
10100212
200031010
300101101
10003300
401020
1020004
21101101
20110201
130210000
101200102
111011200
12210100
21001102
101300002
100311001
2100130
100002220
100201021
2101030
100112002
101003110
3101002
300004000
30120100
100010410
103201
122000200
30200110
101011300
300000100
212010010
100001230
20001202
1002004
2120011
12220000
220201000
212000020
230000011
110100310
20001010
1321000
23000101
111000121
101100310
111010111
110011300
103010011
12001120
200011210
11000101
130000300
120012001
230010010
101320000
200002120
201000004
100001002
3112000
101101120
20113
230100010
230101000
2010103
100013020
100030
110021101
20001301
300120001
200003101
10001320
120112
2000113
400011001
100400002
130300000
210130000
12001000
200020102
301110010
121120000
20000041
100000042
111031
11000221
3101200
121101100
200100202
200000200
2100202
100004011
100042000
102010111
20120110
1102102
11120200
100003021
30001021
100012201
100211002
1200400
1020121
2130001
10210111
101201002
201040
21101110
2100220
1120030
102102010
10011004
1411
1102111
101002021
1010221
311020
30022000
102110200
11112010
1020130
130030
101010211
1200310
10202101
110200030
201101101
113000002
101100211
120201001
103020001
1012120
2120101
111003001
300111001
111011020
100400011
300003010
21010003
300011200
120300001
30001030
220001200
100110301
1204
300300001
102310000
2040001
101110300
102000130
410101000
124000
102020101
20200003
200110003
10000033
100003102
231000010
2112001
121000300
210022000
111010000
110110012
10103101
101030002
100010023
20010010
110003101
10001401
100141000
402000100
203001100
10200031
1321
20000401
1122010
20040100
4200100
30120001
40000102
12101020
100001014
20104000
140000020
101000230
11001013
210020101
20300011
201300001
300021010
10131010
20101210
40001011
10012102
100201120
101300200
110200111
430000
1004020
202000030
110002012
2100310
120000112
200111200
30031
102220
21210100
10123000
100030300
30011200
202200100
202300000
2020012
131001001
100203001
200013001
23011000
220002100
200110000
1400020
11113
110102101
10004020
2030002
11100013
11104000
113101000
11120020
111121
10000321
10000201
11001220
402000001
101101021
300010012
112000300
10032001
2012101
3012001
200013010
113010100
1004011
400000021
320010001
20010040
310000000
20320
210220000
213000100
1011301
200200003
30300010
100002040
12030001
112101100
41200000
141001000
401002
20030011
2020111
2012110
202002001
102202000
11101120
100011112
221101000
110012002
1300
21011011
2020102
110000221
1114
311001100
3000040
20130001
200030110
10020112
103100020
11100400
22000201
22001020
100021
11022001
12201100
213001000
1400110
200300002
130001002
4120000
4100011
20001001
100010110
220111000
120040
21000301
100000231
112000012
101210101
100000012
100010122
100001320
20110000
3000010
30100021
301110001
132000001
4002010
10310200
3000004
300102001
212001100
340000000
20000023
100101310
110022001
310300
200010310
100004110
100301011
200022100
10040011
100102210
3000022
30220
21000112
1111111
300011110
110020000
11220100
100110400
30121000
112000
3400000
121001002
112010101
11021011
212200000
113011000
201011011
12301
220200100
310000003
300001210
121000
11212
12002011
120011002
220011001
200203000
11012002
20011111
4001110
40001110
11002021
321010000
311000200
123010
202002100
20103001
320010100
1122100
30011002
10100113
10401100
2101
23020
30003100
112200100
20010220
13000003
210021100
111001012
3000202
400102
200003110
10100041
31000120
201000001
300100030
200000041
220000300
2000401
300110002
122110
300030010
21000013
1102003
3000220
1000141
30010012
111300001
100001140
10120120
41011000
21112
112000210
100201210
3020011
13011001
100002301
2000410
104010100
1014010
320000101
11020111
101301100
1311001
101301001
213000010
203000200
402100
12101002
101001121
21310
10112110
120103
10222
101022001
30010300
11002012
10204000
10104100
200401000
20000002
200020012
10120000
2301100
101111002
20013100
1102012
30020101
111100003
11010022
101100013
200100013
211010200
121100002
3030010
300000301
111000310
301020100
10021000
120111001
20020021
120100
23010010
103002010
4001002
12011101
21200110
120001102
20210200
2012011
10013110
103010200
103110001
100030030
1000123
20004001
3000112
201310000
1100302
31012
120100102
1110220
3001
4001020
302110
101201011
24010
21100300
3000100
1000111
100004200
3000130
102002110
110400100
4102
21100021
110320
20100010
40001101
112100011
102010300
1000114
121003
11030020
31210
110110201
210102001
300400
21031000
200102101
211010101
200003011
200002012
100012
3010210
22102
1000102
400020010
101023
11030101
202001101
22102000
200010112
120010003
111112
10000330
31110100
102130
210000103
101010400
301100002
100011400
21001021
2301001
4011001
402001
101030101
10001200
200001211
111300010
12031000
11011003
42100000
41020
10001104
114010000
100002112
4201
100012102
110010211
21022000
2000320
20001121
3300010
111001030
200002003
100002022
211100011
310110001
101032
201022
101201200
200003002
1000222
100010212
1010140
100010020
10211011
120010
303001
1400011
3020101
3000310
10113010
100200121
10011211
111000022
141000010
120031000
220000111
2000311
211002001
23000020
300001201
1410001
101310001
20100202
111011101
30102100
2023
230000020
1400002
210000100
120000301
121200001
1300120
30111010
2112010
3102010
10013002
1010131
1002202
102101110
110002201
100100032
100301002
112002100
113000011
20002102
120040000
3030100
1024000
200000320
211011010
112002001
100003201
100021003
10201021
2021020
2032000
1042
113000110
10001020
11002300
221011000
201010111
2000302
114001000
100000000
120200101
10200013
21110011
210010300
113010001
1021000
1010122
201004000
2200003
1010113
321000010
101101210
1000210
201200200
201030100
1110301
111001021
111001111
100003111
200201200
3300100
14001010
31201000
123001
20200210
13001011
100011301
210012010
40000012
201021010
1110310
210020200
410002000
41100001
10101121
11010310
201001
201020110
14101
2101102
100013200
40000300
310020010
10101001
1010104
231000001
113001100
30220000
1101220
11102200
20302000
113110000
13012000
112003000
113002000
100020112
112000003
20040010
10021
200212
31021000
111002011
100102102
1031020
101014
10010002
102100021
20022100
13020010
10201003
200100100
100200220
20020102
1130200
211000102
10200301
11301001
200002021
101004001
10002112
3000400
410010100
30110002
13002010
110401000
10021102
42010000
1010101
1210003
200120110
1300003
130020010
43000000
10002040
10300102
2212000
301010110
11014
200020000
210310
1210012
110011021
203010100
101110003
41010010
201101200
1300021
110201002
20100211
120100201
100110013
11400001
10300030
102121
210210010
120100210
2014000
1110100
101041000
300102100
20010103
3101020
20100112
212010001
30000004
1110112
200101030
301001200
40020001
10002310
131000002
120001003
202000201
100401010
11111011
21102100
112000120
210003001
11011201
102202
1110121
102011002
200011201
101112001
111012001
100010401
230010001
201010021
200002111
10014010
2000221
4001200
310001101
113100100
1110130
31010101
100022101
120030100
2020300
11110210
10010122
1002211
1000033
10121200
110101201
101202100
1000030
20121100
20101120
1010212
100140010
21003100
330010
1330000
201011002
300120010
120210001
122000002
10141000
101011102
200010040
111011110
20110111
112001110
100040011
240100
2000200
1122001
22000120
1000024
3112
20003200
300010300
2000203
400210000
112102
110021020
101103001
1020112
2202001
131200
110011102
210010201
121001101
102001021
114100000
400000
241000
1202020
402001000
112011001
2013100
41001100
1000204
130000102
201310
41011
200040001
110120200
12110110
1210111
102211000
100210210
100000132
400020100
1020103
110010013
100000420
11020
221010100
10201012
300001102
400000102
1102
10010410
10001002
10011310
210011110
100012030
210301
21130000
103102000
310001110
1202002
1020100
100300111
12000031
300100201
120022
10002400
211300
201031000
10101100
100002310
1202011
100012300
100000
1311010
200010010
200110210
102110002
210001201
230200000
111000220
100012003
301020010
310020001
1000012
111100
410000200
200100004
11111002
101010013
20000020
110311
201000121
122200
111003100
120010000
210110200
1400101
1401001
1000000
21120100
200020030
200200300
20031001
101301010
104001010
11210002
112111
111000130
102210001
13300000
101400001
200000023
21012001
12100120
101110102
200010013
2000131
200201110
100020121
1110202
400003
20000113
13001200
220101010
2211001
101320
1000003
10110022
220000000
211110010
10400110
201000040
100113001
103001110
10130002
100103101
30201100
320002000
211000111
100200310
121000102
110041
2103010
10102012
102112
301000300
12100000
211002010
211011001
10010110
101000032
10113001
231100
102001030
101020003
10003120
111010012
310201000
1130011
110101012
103201000
110230000
2000122
212000011
20410
20001013
11302000
1210210
1030111
10110310
200110120
100003
10301101
10011010
200002201
10123
210100201
200012101
300040000
13010200
110030020
13111
30002011
200030101
20101201
10102300
2030101
100021000
10003000
10002100
2020210
200102020
211100002
1130101
20014
3100003
14010100
102201100
11002
11011
201010300
101011
31300000
110020102
41000110
112110010
112111000
200021200
200100130
1004200
2101210
2111020
210013
100202101
30010201
10321000
203101000
1010020
1202110
3110110
200311000
100002121
100012111
120110020
200010301
2011
310001002
10202020
20230
100010002
130120000
1111003
110000023
114000100
3110002
110131000
40100020
1111000
111101011
111001201
12200020
211001011
1030102
110010121
20000320
33100000
110200021
1130110
101000002
22000102
22030000
10011220
1010011
2000020
10011202
20203000
22001200
20001130
130110010
100041001
201010102
210000220
100013101
1202101
20041
101001022
100120000
10222000
10011130
220101100
201001012
221100100
330000010
20001040
22201000
110003110
112002010
114001
1111012
20000212
12001111
102100210
100001122
201301000
130120
102400000
231100000
20021011
11201101
130012000
11004010
110032
1111021
21201100
30103000
211001200
2000032
101101111
102200011
2030011
100102012
11000140
100030021
11020003
2111110
113000020
210400000
1111030
100110202
11112001
20311
20100121
1011400
10210
2000041
11000212
213000001
220010020
302000011
30013000
31020010
111101002
2020120
101200111
20101000
2000023
210010210
100014001
111010300
130300
300301000
120001000
200120200
21040
10210102
30000211
110023000
110001301
3100111
20004100
102003001
3103
100020103
300201010
11203000
100100410
11100220
320000110
43000
120110200
102301000
10210030
110220010
120102010
113010010
20000011
20000110
11210110
104000002
21002011
100202002
220100110
2000002
222000010
301003
310000111
100032010
200111011
4100200
110030110
200104000
10230010
310100110
100002211
10111102
204001000
230200
101003101
201211
1040101
110004100
2000011
100021210
1301200
1002040
100200031
100121011
111002020
101211010
11211010
102040000
20013001
20022001
200001220
212000002
10111030
2111200
20002000
30210100
310000021
111000112
200011300
111010102
100420000
103010002
200010400
12101011
10000000
200020300
32002
400200010
10103020
200002102
31003000
302000101
201020020
10131001
101040100
30101011
200000302
201211000
12001
133
10002220
211001110
220300
110010010
1002031
120000040
23011
300112000
211000300
300400000
10012021
430
430000000
110010202
22030
1012210
100300300
200130100
1012201
101201020
20010310
100001104
100131010
11100004
100004002
101001310
102010102
120003100
300000220
1020001
203100100
1002022
1111102
220102000
11120011
21111001
10110103
20002
211011100
10012030
100201300
100012000
30300100
102102001
121030
141000001
10000240
20010022
200010031
20201200
30020002
2230000
400110001
220000030
21301
101010202
30020110
10002031
23001010
3003001
20002030
201001120
400000201
2020021
110010031
121000021
100121020
100011040
401010001
31001110
201000220
310012000
110020120
101102101
2020030
11200000
200301010
300011101
22000
10000120
200000311
301101010
100000210
4010011
14000011
22020010
14010001
111020200
102000121
1230100
122001001
2040100
3100201
102100
40210
1131001
12100
20011120
2020003
30030010
2020000
30022
110021002
110030002
113200
2120200
11200120
1021012
33100
10020103
24001
4000120
200310100
112110100
200300011
101020000
140000002
30100003
1011103
212001010
2302000
1010200
130011100
100001200
210012001
200001100
100002001
1000420
11311
21000400
11001211
401001100
10132000
110002003
201020101
120000103
10121101
1131010
11021002
20131000
4000102
10320001
33010000
20301001
3010111
120120010
300010201
3011101
23110000
310000201
310010200
210002011
12002002
200012200
21030010
100110220
20102200
3040000
1031011
222000100
210101110
300101002
3100
10211110
1210201
10100104
101101012
1002121
32100010
120021010
14100010
10011040
2310010
310100101
200000203
200001202
40020100
200002030
101102002
101012101
2002
1231
2004100
10302100
104200000
101030110
200120101
111120010
40011010
140011000
21112000
4000012
102103
1010041
1002112
31000102
12003010
1000402
201130000
131020000
11100031
10120111
204000100
1022200
22300000
1101400
22100011
211000210
10112101
1004101
210200011
210210001
11001103
1201102
11400100
20111101
120011020
1000132
130111
201000310
103200100
101130001
101041
12010300
11002000
1300111
11002003
4000000
40000201
22001110
102001003
2302
20000032
100001311
2300110
1012021
4010002
1002103
1030120
11010013
11140
10004011
1300102
10024
10100320
100022020
20020003
101000110
120010030
311200000
103000021
13000210
100102201
100030210
220001002
4010020
30112000
2040010
1021201
200410
310000102
310100002
1301110
1010023
110320000
102200200
111000103
201210100
3010021
3011011
1012012
100101004
1002100
12011020
32110
200220010
11101111
41110000
331
120100030
21004
21100003
21103
10041010
1231000
110120110
10100200
10010311
10001311
20100040
10020301
412
130000003
1300300
101200300
11013001
30001210
200011102
110000230
12103
200002300
210001111
20120011
10033000
212010100
301101001
212020000
212110000
30010120
10230001
10020031
2100031
120000031
100010014
2202010
20012101
111130000
100100023
21001003
210001102
10301110
12112
100231000
310002010
21001201
30200011
2300200
200003020
112000201
100201201
211
1130002
100002400
210103000
1010401
112120
10210003
111021001
111030001
321001000
111031000
40021000
12110101
14010010
14020
200300110
101203000
140101000
11100301
112101001
201103000
110130100
200011000
101211001
43
112100002
111020011
1210300
4200001
31003
111000040
11201200
10012201
31100110
201102100
300100300
40110100
1012111
20001103
100221010
1014100
12202
111000301
401100100
10000231
200020111
400000111
121120
13110001
103002001
300031000
11014000
1020040
200001022
1402
200100022
1100221
120112000
12130000
40101010
10040002
10420
200111002
202201000
214
10303000
110022100
10200100
100000222
12211
100000030
10011013
100240
13111000
110023
100002004
11002030
220030000
102002101
1020031
211110001
21101011
200110102
200120002
101101003
1022011
100101112
102001102
3011200
221000020
300020101
202100110
200020021
11011210
4000300
1040110
300000121
12010021
301000111
30000130
12220
11300200
1011220
1210120
103000210
1020022
23000002
101002201
210010111
310200100
14001001
301011100
1022002
100320010
10101301
100024000
100210030
2120110
13001002
10101112
11010301
1301101
101002120
120002020
202030000
21010000
1300210
400001110
201011020
11100040
200200030
200001013
100102030
101311
200120011
211000000
111022000
112021000
1210102
3030001
101031010
21300100
100002013
400110100
110000203
11041
200401
201120010
102000310
110110000
100010203
1021
1020010
13020001
104100001
31111000
41000020
1100140
131011000
200100121
100200112
10101400
10002103
10011100
20110
200000131
20300200
130102
20002111
22000000
110003020
120210010
110122
11011120
110100100
10021201
230000002
4000210
101000410
100
11200003
110020111
111040000
30021100
10014100
30031000
110120011
10030000
102101101
120000100
300100021
300121000
100123000
301
110000113
3010012
200000002
100001302
20101111
110000302
10023001
202003000
110013001
11031100
111002101
1022110
20030200
210011002
104200
210002002
1004110
120211000
210000211
120310000
22100110
101210110
110001040
310002001
101010040
104100100
100010011
201001003
201000130
3010
200210020
12012100
101101201
300000130
31000030
100130110
110031010
200110012
100010140
2221000
30010
100101013
1302010
12200200
30012001
302010100
4120
10112002
300110011
2220100
112300
30020200
201012010
140100100
11110201
112030000
1302001
100011100
331000
10300300
103100200
420100000
300300010
23100010
310200010
110000401
30211000
10104010
100300120
112020010
101011030
12000310
200200120
1010203
220010011
21000202
11011000
210020002
12100012
1101031
21020110
110100040
100010041
10010113
104000101
100020040
21011200
102100012
110011030
100031200
400100110
121020010
10030120
142
110021200
210001021
1103200
1030021
10220200
200120020
202120000
310000210
10022110
12031
1032001
200320
11101
11003110
12020110
130000030
2101300
101101300
130020001
13100110
111001003
21210001
11001010
2000104
220100101
30000100
100022002
2200210
20003020
20003110
111121000
101100112
10020121
20210101
301000102
100330000
10030021
30003001
1030012
1101004
210200002
3010003
30100210
121010020
34
140200
120013000
12000022
200010121
210100102
201030010
2000110
200110111
200101012
2001310
101104
111004
1030003
220010101
1010110
31200010
100101040
110001103
110302
12400
110014
2100121
1110103
140101
3210001
20401000
30001
10014001
302200000
11101000
2110
110100301
201300100
410000110
210020011
12012010
120010120
100100212
100100020
110101000
1030000
110020021
211001101
4002100
3103000
200200000
200014000
40010200
21000130
10001041
101110030
200201020
3001201
220001020
200131000
101113
11110
22010011
21100
110000101
200000101
301111000
221200
10110013
2102002
21001210
100040002
402000010
110100103
200004010
1000201
1300201
1120102
110001130
10400101
210100012
121000030
10020400
110021011
12100111
2100013
302000110
300201100
10201300
301201000
21020011
102001012
10102003
1021030
10003111
1210021
21200011
201201100
1032100
220000021
300011002
301210000
210001012
121100101
1210000
10021111
101220100
13021
41200
111030100
10110301
32002000
21031
110010004
100000411
110010040
1040020
12102100
110011
302020000
101120020
201400
200301001
10420000
111020020
211100200
100021120
1042000
101001112
203020000
10400200
11401000
12004
100101301
10410100
1000240
21003010
200011021
2110012
200101021
200111020
11021020
10301020
100031002
200021002
211120000
4011100
100041100
300210010
200121001
200121010
101020
200140000
10130200
201040000
11012200
30040000
2110030
110031001
1040011
300200020
100401001
201000103
21001012
300220000
3102100
40010002
312001000
31201
30310000
32200
100032100
34000
11111200
1210030
104001001
200400010
110001202
1000231
111310000
2102110
110002000
400002010
20000302
211101010
10003210
1040002
201011110
10020040
202110010
1420000
20020210
10321
10000024
1101022
111103
100011103
201002020
100002010
1101013
10031200
2000230
100031110
100120120
103001101
12200011
100010200
10221010
2030020
10011121
100200301
11000011
20001022
41010001
11000131
100231
22021
101131000
131010001
411001000
11310001
101000023
1000411
300000400
40102
102001201
201000100
2000212
30210010
110210020
11003011
2110102
1101001
30102001
320001100
40100002
300211000
40011001
2120002
40111000
110121001
310001011
310011001
12001030
100210102
201100300
31000000
11013010
20100103
120310
2110120
100030111
111021100
211000201
100022110
110012110
31011010
12001102
220101001
310101100
11000203
221001001
103001011
111040
130100020
102030010
100110040
1110400
11020210
101221000
3121000
20101030
201200020
2102200
201121000
10130110
103120000
121102
120001120
200100112
10210021
400201000
200100001
11100211
204010000
200032000
1103101
210000001
4010101
100020031
102011101
100103002
100104001
220020010
11100112
110122000
201010120
1103110
21110200
300010120
101003200
102002200
110111020
110000014
22100020
1002310
1023010
31002100
101102110
110410000
400011100
22000021
20200111
20001310
1120012
11020012
200013100
220201
20220010
220210
1100101
200220001
101023000
10213
100023100
200011120
210010120
210020020
101121010
130110001
1000330
100111102
210000202
211010110
11211001
3002002
10111021
101230000
2110000
1010230
230011000
1000321
210102100
2110210
12010120
131010100
310300000
111010030
10003021
1031002
10120
100000102
102100201
100001113
200001130
210000130
202001200
300310000
10020022
200000401
200100400
131100010
200230000
21010210
111001000
41010100
30030100
31120000
1000312
102200002
10130011
100102003
300210001
110010130
10012012
301102000
132000100
1020400
210030001
1002301
210120001
100110001
31010002
211000021
212011000
3111100
1002130
1101130
220010002
211100110
102010030
200300101
1102120
1003030
10000303
30000001
11040010
110002
300300100
1230001
20001100
10140100
121030000
100122100
100012120
12010000
32101000
13210000
200001040
1101103
104000110
1000303
210011101
210101101
210111100
111100102
10012300
1230010
210200020
101010130
311000011
200110030
1310200
110220001
10004200
110030101
11120002
130002010
110040001
21003001
100222
110040100
100031011
200021011
101140000
2110300
110140000
100032001
100040101
310110100
101122000
10000111
201202000
100400110
100002202
100201003
1000300
11100100
1030
10013200
10023100
131000101
302110000
100131001
100140001
102020020
11220010
201010210
3101110
121012000
122002000
101210020
100110010
13030
400010101
221000011
1120003
121111000
1002400
312000100
300100000
12201010
20110012
2110003
40110001
40010011
11200111
100400200
300010111
103101010
20003101
400
401020000
21220
11001130
101020120
20023000
104100010
2301010
120012100
300021100
200010022
140001010
3010030
100120030
12110020
102020002
110010001
11001202
301001110
200101210
10310110
1010320
20210020
100140100
2102020
102210100
300030100
24100
101310100
100000024
211201000
101013010
221010010
11113000
140010100
210002020
100110004
120111100
3002110
240010000
4110001
3010000
201120001
10102201
110102020
110000212
400000120
10020310
1102030
30011110
10211101
420010
10201102
220001101
10010020
110000020
1010311
14100001
10302001
21200101
101002003
20110300
101010001
1012300
12000400
110010301
220000012
120004
30002200
2200
22012
210101200
103000012
200010103
210010102
200001301
200031100
30013
200101300
23002000
100011031
1020220
110000140
12003001
201110200
300100003
210100021
22021000
23101000
21000121
22002100
10100023
110110003
3002020
210400
100040200
210112000
311110000
2103100
20104
102003100
102000112
31210000
40210000
10231000
21021100
22210
1103011
1020211
210040000
13000201
120301
212000110
20000014
103120
300011020
202000300
100220020
102120010
200210011
20302
400012
31010020
200100010
101000020
110001310
11010004
100023010
230010100
110013010
101000212
10001023
200002210
10100311
210101011
1020202
31101100
31110010
104011000
113000101
13000120
110113000
200200021
12130
140010001
1022101
110310010
12111010
31000012
10021120
1103020
230110
10013020
11002120
101100220
11010220
302100100
200031001
12102010
300200011
12011011
300111010
200400100
11101102
100213
304
2230
304000000
11011012
11030011
10041001
10001302
11101030
300101020
100000033
110000032
20100022
1110211
11010211
222100000
13
3010120
1003
110401
102130000
111400
300010000
202100020
120101110
400001101
100020220
30010102
30202
200021110
32200000
210020110
202111
21002110
111100030
11031010
111120001
232
3120100
101311000
20000221
11121010
110000011
3002200
210010000
240100000
10300003
2001400
201002200
300002200
120110011
20101
40100110
10001110
11401
101130100
20300002
300010102
2013010
103100002
100112110
1020013
1000042
101410
1020310
21002200
3010102
210001000
300000112
13010011
300200110
42000001
200101003
3001120
200122000
23002
111011002
1201000
301001101
1310110
2031100
20100004
20100310
32000020
100030120
200020120
110202010
200011003
4000
210001003
210010003
10200211
100001110
140000110
4300
300110020
101000221
1310101
111110020
2013001
100022011
210100210
212000101
40002010
40102000
1030210
140011
40300000
100030201
11410
100102000
420001000
110010400
110100400
4003000
2001301
1102300
30000022
30001000
300101200
400100200
11002210
3310000
1020301
120031
200000032
100001131
102201001
1401010
201110002
13101100
3010300
21102001
200004001
110120101
411000100
200101000
220102
101302
201202
201400000
110301010
20200030
10021012
104110000
21020200
21030100
11110000
30000112
1014001
1401100
20121001
110212000
130201000
20013010
101400100
1030201
100210
120030001
200002
101022100
10021030
100021030
112100200
110022010
200022010
100100014
111310
110100112
10114
1111300
202200001
10212100
311100010
10101103
2110111
12010111
101010112
21010030
10101031
10121110
24100000
2401000
112000000
100201000
200030200
20021200
223000000
110041000
111200101
201200101
20202001
101002
10004002
110004001
10113100
110110120
3201100
111100300
100010131
110104000
10030102
11030002
220300000
201010201
201100201
111211
100014100
241000000
23200000
111000100
10010032
2210011
100200040
10001122
100204
110001112
100111021
100221001
300200002
11011111
201110020
11200021
41002000
10002022
20201002
310001200
10330000
120000220
100240000
230001010
11122000
12121000
200001310
140000011
140100001
210030010
30101200
400002100
131001010
10013101
20010211
110002120
211101001
1030030
10300012
201011101
100000213
30110110
100000021
101220001
212100001
122011000
30020020
120020020
30300001
201002011
20230000
11102110
120130000
120220000
400101100
112001101
14110
401011
100101103
111012010
300130000
120200020
103001020
100402
200020003
10000402
320110000
201022000
101003011
400000210
201001201
210013000
101121100
101002000
1222000
10104001
103000201
1030300
20122000
10010200
100101121
30200002
100113010
100003030
2220001
100320001
110000410
1111120
3011002
20111020
100121200
100011220
403000
103111000
102000001
120002011
11003020
124
1001311
100031020
410200
20002300
13000
1040200
210001120
102012010
2210101
210100120
210101020
110020300
200040100
111301
101031001
10100032
130001110
221110
130010020
210003010
11000230
10010104
102000301
211120
211210
303000100
201200011
31200100
10030111
104011
120003010
21013
100031101
200100103
100200103
200121100
100020013
2101120
120011200
11032000
10022101
122001010
103030000
3201010
300003100
101012110
310003000
220020001
200112010
11003101
12020101
12000013
101000401
301002100
1300012
13100101
112110001
130100002
210201010
2001220
202010020
100003300
121001110
101100040
320001001
31001011
100013011
100201
11121001
102300100
1024
10103011
20102101
10211002
11210200
103020010
10010320
1310020
3121
12111001
22101001
310001020
1002220
4101001
22000003
111100111
201201001
11210020
22101100
201102001
110001031
310100011
311100001
202020010
1310011
400100011
201010
212001001
200210002
202003
30020011
1011001
2001202
100130101
3301
302001100
110100202
10302010
302000020
10110100
11022010
110200300
1310002
32000011
100100140
110101120
103111
111112000
2200111
121110100
100122001
200200012
21000040
210211000
12040000
220110100
102111010
122100010
1011130
321000001
11301010
110000200
141010
30012010
10102102
2000101
2101003
112020001
101011021
301010101
102400
13021000
110100031
211100101
111200200
2002201
201013
31000
10110004
400120000
2010004
200020
1111201
113101
2101021
102100003
12100102
14002000
33000010
121020001
1003201
2310100
20111002
2020201
101111110
121100110
10003102
141000100
1000120
12100030
10030201
4100110
10111201
10400020
20020000
101020201
40000003
130000021
230000110
10003030
100230010
20110030
102001210
401010010
112010020
12010102
200202100
32001010
202101001
142000
100201012
100103011
300003001
101100103
20000200
100100221
120020101
201100030
20002210
302002000
101001040
200023
200000410
12400000
10110220
121010011
100410010
22200100
300110101
21100000
100300030
110112100
101002012
210002110
10000312
10111111
2001103
100420
31012000
1013020
202120
201001111
2113000
110203
30010021
10040110
201021001
130010002
14110000
101000203
320000002
20012002
311010100
30000202
1104100
300100
211102000
100024
201021100
12300100
11302
120010111
4111000
300000103
100100203
100100011
210012100
2101111
10202002
131101000
130002001
301200001
201020200
201004
110020
2001121
210010
101110021
101110111
1131100
301002010
100310110
11020120
2021200
11010031
120020110
101021020
300001120
100002130
320020000
200021020
130010011
22011001
21030001
110211100
100110103
100010320
12200002
120202
132001
103021000
10011112
12000301
3120010
20001004
1203100
100103020
2121010
20112010
10003201
11000122
30110101
100300012
411010
30200200
10200112
102310
310000300
1101040
111130
2001112
220000003
403
100300102
131200000
202000
32000002
301100110
200014
130101100
31100011
1023100
100411
24000010
10100401
21100210
100000402
11000020
400100101
12001021
12021100
210120010
101120011
401000020
2001100
100111030
1112020
1000021
3111010
201001021
101001103
103102
210200110
311002000
100021111
101022010
130210
200101120
101111101
30001111
11020201
203011
211003000
202000210
100101100
102040
10200010
20101012
202012
2400001
11000041
211201
41002
400000030
301030000
2101000
10210012
100312000
100230100
11100202
100202020
112001020
42000010
130200100
21101200
210210100
401110
20032
11100130
400030000
111200011
3101011
22110001
421000000
122100001
102111001
4100101
120013
1003012
40201000
133000
11040100
24010000
401010100
2121100
120000004
111001120
32000110
401110000
11310010
2100112
110300110
11103100
21211
10120102
21300001
202021
11001001
10000030
201002002
10111012
2100100
123010000
1010302
3110101
100120111
100302010
4210000
2001040
10201030
103001002
11040001
13010110
102013
20002012
10103002
112011100
1141000
100200100
12000130
1213000
10101040
202100011
101000014
21100030
100001041
203010010
132010
301120000
201013000
310120000
110210011
20200000
12000004
230110000
104101000
20300101
2001031
1141
212002
110103100
20320000
411001
201031
221002000
10012003
401101
210100300
20101300
3040
400201
100110121
100220101
40120000
103011010
210001210
210011200
14011
30130
1320001
10300021
22003
122010100
1100041
123000010
12100003
130100011
102030001
201000112
20010130
101200030
30000031
300110110
20102020
2001010
111004000
30012100
1012030
220011010
10000222
120001111
131000110
311020000
20030101
211020010
1213
301300000
2131
2022100
1112101
201000211
2021101
140000101
200140
21010102
400021
22201
101000320
201103
102011110
100131100
201102010
40111
31
110111011
130001101
12101110
300120100
112012000
40100011
2001004
102301
10000102
3001102
21301000
2100010
11220001
211030000
11000311
10040200
101003020
22001011
110000320
21011101
122000110
400300
202110001
102000010
20201020
11110102
402010
1201300
10203010
12000103
21022
12201001
311000110
110100220
3100021
102100000
11200102
301000120
200310001
300022
20221000
20200
120301000
111000031
211002100
200011030
110011210
1120120
1410010
13300
401000110
1203010
100204000
1010410
121000000
20012020
11001121
310012
110220100
10203100
102021100
40010020
301010011
12110011
11311000
400030
111301000
32010001
221000101
100030003
30100000
20210002
12002200
101100100
31300
1132000
13002100
121101001
220200001
3001030
104002
100022200
121101010
22010110
200000020
101000311
40101001
114100
102010021
103210
101021200
20011030
301011001
11021200
2201200
111022
1203001
221000002
103101100
101112010
11000410
10100110
14000020
20011201
13100020
200100220
1303
100002100
3001000
2001130
13000000
1102210
204001
12300010
31000210
121010200
21000010
101010121
201110011
102112000
10211020
110121010
1102021
12000112
100100200
230001001
1102201
111102010
3001012
2021011
2003200
121
20120200
101101102
100212010
101102020
32010100
1410100
21000103
3031
10100014
231010000
103100011
101110210
330000100
3102001
10120021
11100010
20000140
12010210
102000040
210004
202000111
102020011
111111100
11110111
140020000
4020100
10111120
101210011
210000310
100010101
121000210
11100310
11203
201001102
110003011
12030100
410011
10140001
110010100
113110
10103110
102001000
23010100
320101
10210300
10200004
121001011
101000140
10001014
2200000
10100302
101020111
101000302
22010200
10021021
30001003
303010000
200010004
221001100
100020100
221200000
3001210
204010
111010
30100
120000022
110111200
3021001
1302100
10013011
1000
21200200
4020010
100021300
110040010
12102001
110200102
13120
101013001
10140010
310100200
12011002
220010110
10311100
102000022
110221
400000300
130
132100000
110102011
300010030
111210100
110300002
20211010
20300020
11011102
10100122
11023000
21100111
300002011
114010
240000100
301111
121002001
20002003
1100311
110001100
111020002
22000012
203020
203010001
300001111
100301200
120001
111013
1100320
200112001
20310010
200041
103000003
2021002
20014000
10101010
21011020
311000101
210110020
100121002
100011022
112101010
110000131
102111100
210100030
200111101
111400000
10001101
110031100
21001111
111200020
200102011
30400
1112002
2010310
10001032
1032010
201001000
102011011
2320000
401000101
102000103
201000013
11001031
100120300
131100100
100030012
20001211
1112011
22100101
111012100
101000104
103001200
410020
202020001
1100131
400120
23000110
102120001
130102000
401000011
202010011
20200300
10001221
101000011
11201110
111211000
42001000
211111000
10200202
110210200
101201110
120202000
102031
4012000
320100100
2041000
111200002
10141
100212100
200010130
101001211
100102120
301020001
100203010
200221000
110310001
11300110
23200
20020
100110310
20100100
1120210
1100113
310101001
1100110
30111100
113011
101000122
11002201
11130100
310021
10200130
202030
1100122
111101110
1104010
14101000
101212000
311101000
100213000
120001300
10220110
130100200
2201002
21400000
13120000
421000
1211101
220100200
11102011
110001220
3001300
112200010
2201020
201300010
41101
202100002
120101101
21110101
100020211
102022000
1211110
11130010
220000120
11101021
203000101
401011000
111100021
230000101
11200030
10100221
101001100
101120200
400300000
13000300
110000002
100000303
220100011
313000
130101001
10300
21010012
10101022
120110002
200301100
100311100
104010010
201100021
111200110
31000021
400010020
2111002
203000020
100112101
12004000
103000030
20200012
101100301
300102010
10112011
300110200
3200110
1000213
210002101
120010300
300201001
14200
301010020
1100401
200302000
2012200
230011
10010023
111010210
20113000
340
102110110
211010020
21010300
110202001
200032
103010110
410002
100310200
201000202
100001101
1240
10002013
12002020
410200000
40000000
300001000
222001000
111110011
1221001
20003011
11011030
2300011
10310101
41110
204100
130000210
21001000
100030000
14200000
101104000
320010010
410000101
10202011
211110100
100000141
121011100
102002020
2001001
12103000
110010310
10101310
11102101
200000014
1112110
102010210
120100012
2201110
31002001
301120
10042000
10022020
400111
100101031
2001211
2001022
121201000
10301200
201200002
110301001
240001
2001013
211300000
10312
141100000
102002002
121300000
30021001
20010001
21010
101001301
110212
10020013
41101000
110200210
221001010
412000
121002010
1303000
111002110
22012000
210001
101010310
101230
200010001
1100203
101000101
1100200
20030020
120201100
103020100
22003000
1120300
120011011
310010020
12000220
4010200
2131000
401000002
121111
120300100
1102000
102022
230100100
2101201
200110201
310210
210200101
20011300
201100120
102020200
112300000
40101100
101202010
110110111
10300210
120001021
33001000
200101111
101101000
32020000
101210200
3200002
10310020
1211200
12000100
102004
110003200
1100212
230020000
100310011
30100030
203200000
21001120
10030030
100111012
200011
22000210
204000010
320000020
111300100
4100002
211000
140001001
211010011
110200120
120000211
11300101
101020300
203101
121102000
111201010
1023001
3200020
110002111
102101020
20003002
1100230
11000302
101021011
10301011
2200201
1022020
30100300
310100020
100000204
100203100
10201210
1111210
103010020
3200200
111020101
200220100
200000140
11000002
200111110
100111210
10030300
200211010
110102200
20400100
300002020
1100002
133000000
20103010
30201001
120200011
10102210
11212000
300100210
20103100
30011011
10111
111001
10112020
20011012
12020020
110201110
11011300
20210011
110210110
1100011
1201021
111110101
11110120
301200010
30130000
100041010
1120
302020
103000000
113000200
20201101
210300010
1120111
21000022
100011211
112
230002
10020100
120002002
100103200
2100001
1100014
140200000
2011120
110012101
10111300
142000000
310210000
102012001
21021001
11104
220000201
113001010
2010112
101020021
1123000
200300200
102000100
22002001
210201001
1100023
20000203
1100020
122011
210310000
100114
303000010
30000400
1211011
2104000
1100032
41000011
11004100
12120100
110201011
10011031
10122100
211020001
30030001
4000030
12100021
420000100
122101
1211020
10400011
11012110
101000200
100211101
221101
20020030
100301110
11010100
30004
101100121
31102
31101001
102100102
10010401
410101
100300210
132001000
202010002
101100031
303100000
20004010
10023010
310030000
100013002
101203
31002010
101220010
200102002
4010110
11020030
10120030
310
101221
20023
1211002
301100200
20020111
32010010
14000101
101010010
30002101
10301002
201012001
2010130
140002
301201
400020001
21000220
202000021
110001022
100310101
30010003
1003021
100020400
20221
10110211
21201001
300001012
221000110
1103002
13000021
2100103
40100200
2400010
3110020
11001100
130021
4030000
20000410
10100131
110101111
100100131
101140
21010111
211012
113100010
2011012
300012100
100104100
21001030
111100210
130010200
31020100
11000401
2010121
101011210
101002210
100100113
32001100
100100401
14000110
20400010
13200100
2010100
1003000
101011012
401200000
200000011
20010100
110100022
10204
112100110
1120201
2221
120102001
10011103
201120100
2020
303100
312001
130010101
20021101
12001300
110011012
141001
201111010
3220
122101000
200100211
101401000
410110
11000113
1003003
2120020
110230
104000200
100220110
100110130
2300101
210022
1011121
11111110
30211
34000000
130000012
1100104
22110100
3111001
1010032
101211100
101010004
112010011
301010002
10031110
10042
300020020
111110200
2112100
220001011
11020000
12001012
100000330
31100002
301000030
201100012
21110002
1001104
101001031
10400002
40300
11200201
101021002
121010002
100410001
100102
103110100
100211200
100300021
2311000
3210010
100101220
141010000
2100211
210000301
21110020
110110300
300202000
110200
1402000
100020022
211210000
130012
20212000
321000100
111201001
200210110
121300
2130010
1140100
400010011
110200003
310021000
200210101
400110010
310110010
22010020
10010041
40110010
120010102
11100121
12121
301100101
100100002
201012100
4200010
12101200
303000001
30000301
102010
104010001
1012102
11000320
101110012
201003010
211003
113200000
202021000
21002101
330001
10200220
2400100
22011100
11002111
1113001
120002200
10000021
210002200
10111003
11410000
110101003
2000014
1120000
2003002
100010311
2010400
2200030
400001011
4210
210040
13010101
121000012
2010040
201003001
1120021
300004
2002003
30100111
101212
400000012
3101101
10000420
100111201
1013011
23001100
102001111
30101101
30110011
10020004
21010201
22020100
1113100
40000030
102001120
400021000
300100012
2100301
111102001
2010031
23020000
20010400
120000400
2030110
11121100
10401010
420001
20120020
220021000
21220000
24001000
101120002
100120003
300002110
110002300
100000201
20012110
2010001
4021
1013002
2000140
203002
204100000
100021102
11100001
200101
2010013
103000120
20010112
121200100
30000013
40100101
200101102
310011010
12010030
102201010
20102002
13000102
10000213
2010010
101012002
210110011
111002200
320011000
111101200
20202010
100020301
3300001
100003210
100202011
112001011
31001200
10000141
11001400
120200200
31021
212020
100210201
102103000
110201101
31102000
31010110
