1
4
200010001
31
20002
10201000
1102
100011100
1000030
10000102
1200010
11200000
300001
100300
2001001
1000300
1030
20200
100021
11011000
1010200
10100020
2000200
10002001
10010110
11010100
10110001
112000000
20011
100010002
102100000
2020000
12010
200020000
201001000
300100000
111000010
20110000
210001000
10012000
10020100
100010101
103
100111000
101000101
110100100
101020000
100010110
30100000
20010001
211000
1002001
101000002
200200
210100
210010
11001100
20000011
110100001
120100000
100000120
1000000
110010001
200001100
100002100
1111
11020
100000300
101100100
102000001
100110100
100100200
201100000
101001001
1010011
100000000
1001200
1000021
111100000
200000020
1020100
200200000
21100
400000000
2020
102001
300000010
2002000
110200
100101010
1100002
2011000
100000
10100200
3100000
301000000
10100110
101101000
12000001
201010
10111
111001
3000010
1000012
20011000
13000000
22000
112000
101010001
1100011
100020001
1101001
22
201000001
120010000
2200
1120
100100101
10100101
210000001
10210
21000001
1030000
10001011
1102000
3100
101110
20200000
2002
110020000
210100000
100102
110000110
21000100
110000200
10100011
10111000
2101000
100030000
20000110
2100010
301000
21000010
200000101
202000000
300010
1000003
102000100
1011100
1021000
300000100
20000200
1100020
20001010
200020
1100200
100120
11002000
4000000
20000002
100102000
1003
20101
1020001
1001101
1000120
12100000
100200010
111010000
10102000
11010010
1011010
11010001
10001002
11101
1201
101000200
20020000
100001011
120000001
120100
1200100
130000000
102001000
200010100
12000010
2000101
101011
11110
300001000
200110000
100003
120000010
10011010
31000000
110011
110010100
200001010
12000100
10003000
1110100
3001
110002000
2110000
201010000
2000110
1020010
3000100
1000111
12001
10010101
102010000
21100000
10011001
100
200100100
11101000
101200000
11020000
1002010
100000201
200100010
10030
110001010
1201000
30010000
200002
102100
101020
120001
130000
301
100012
2100100
100020100
1000102
10300
1010020
101010100
10200001
110200000
1110001
100003000
10200100
21001
310000
30001
10030000
100100011
21001000
31000
201000010
110000011
100000012
100011010
3010
10001200
1111000
2001100
101001100
110110
10001101
200011
10003
111010
111100
101000110
101011000
1003000
1210000
200000200
200000011
13000
110100010
110000020
100002010
10010020
200002000
10000
10011100
1012
101200
10000000
100010200
10102
100010020
11000020
20001001
11000011
110011000
1000
20100010
1010101
1001020
111000001
100200001
103000
11000110
101000011
11000101
110020
10101001
100001110
201000100
201100
10201
100001002
1010002
202000
3010000
300000001
210000100
200010010
13
100030
30100
220000
110101000
100100020
1100101
101100010
103000000
22000000
20020
400000
20100100
12001000
2110
30001000
1100110
100110010
1101100
100201
100000102
1101010
2011
1001011
220
2101
2000020
20000101
101101
2100001
121
20101000
100001200
200101000
100101100
110101
10200010
100021000
110001001
11002
30000010
2200000
100000210
202
11110000
211
200110
1000210
10210000
100001020
1001002
20001100
10021000
1002100
100210
220000000
1010110
110000101
1000201
10012
100100110
102000010
300100
100100002
100120000
120001000
2010100
110000002
11000002
102010
100000003
10101100
200000002
101110000
100011001
10000120
200001001
40
11200
10001020
10101010
100201000
201001
100101001
10000012
11001010
10000021
11001001
10000030
101002
100002001
11011
1120000
10021
10001110
10000111
120010
110110000
211000000
1021
10010002
121000000
10010011
1011001
20002000
20110
2000002
111000100
100200100
210010000
10002100
1300000
1001110
200100001
10120
100111
1210
100001101
10020001
10002010
10020010
11000200
40000000
130
100000021
20100001
210000010
400
111001000
101000020
121000
2000011
30000001
110010010
10110010
101100001
3001000
120000100
200011000
20010100
1110010
1300
10100002
10110100
101001010
100110001
11100100
310
2010001
12100
200000110
4000
10300000
11100001
200101
30000100
100300000
10000003
10000300
11100010
10120000
110002
10
100010011
2001010
10000201
20000020
10000210
2010010
12010000
110001100
100012000
21010000
1012000
100210000
20010010
21010
101002000
100000111
101010010
310000000
100020010
30010
10010200
1200001
3000001
300010000
112
210001
100000030
40000
