2
102200
10020200
11200001
10020110
400010000
211000100
310000001
10004
1000301
200021000
200110001
1010
210010001
210000200
100010102
3000011
100200011
101000021
13100
30100001
100022
130000010
11001110
201101000
3000020
11001200
20210000
300100001
100000040
1031
3000002
101021000
121010000
220010000
31001000
40010000
3010001
2011001
200101100
100211000
10100111
320
101210
210001001
30020000
1101002
3000200
2030000
14000
102002
100100000
10120100
110000012
10100003
31000100
101110010
110000300
21000101
1102010
10120010
200300000
400010
110110010
3020000
100010021
1000130
20000030
10400
202100
11010020
2012000
11010002
10001003
100001111
320000000
1010300
10001021
10121
4001000
200010020
102200000
1200101
101100011
10013000
1000112
3000110
310100000
30002000
300010100
1020200
3000101
11101100
21100001
201110
11101010
101200100
20100002
10001300
110001002
30010010
11300
12200
131000
220000010
100100111
1130
21001001
100011110
10001210
10001102
100013
100201001
10001120
200120
200000003
110100002
1200110
3010100
130001000
30020
202000010
20012
111000101
11002100
1002200
10021100
20001101
100001030
401
20021000
110210000
20210
31100000
101201
212
100000310
121001000
100110110
10200101
101001011
1010120
100000022
400001
200000000
101000
30001100
100300001
10013
100101200
311000000
10200011
30000200
2200001
120001100
200100200
2111
101002001
11110010
1000211
300200000
100020011
23000000
103000010
210000101
100100030
110101010
21110
110111000
30110
1100
10101101
220001000
1000202
20102
100002101
1010102
20200010
400000010
103001000
1013
40000100
200101001
2030
10010000
10010012
100200200
101111000
111000020
140
10002110
10121000
2210000
202001000
10002002
101000210
111110
10002020
101003
102001100
3110
210000002
10300100
31010
300020000
10030001
2200100
310100
110010110
301000010
21002
1110101
102010010
300000110
30000020
1110110
100004
100012100
130001
20010011
10010300
2000210
22100000
110200010
10010210
1200002
100400
10130
10010120
10201001
1201001
210100010
3011
110000201
21020000
1010210
22001000
1010201
21000200
100002020
102020000
2000
2000201
1020110
201010010
100010210
12000101
210110000
100001300
102100100
100111100
300001001
100001012
12000011
200010110
40001
11030
1103
301001
1202000
200001020
101100200
111101
100000004
100000100
1011110
100021001
1001201
1201010
1020101
104
110102000
101200001
221000000
200020001
120020
2001200
100202
4010
10110110
11111000
1000013
1000010
220000100
400000001
201011
1310000
100100012
1000001
21000020
100001
110300000
401000
110030000
11000000
121010
1000004
201100001
2101001
201011000
220001
203000000
10301
11201
1040
2101010
20000201
10130000
20020100
202000100
12100100
20000021
203000
10102010
200100101
211010000
301000001
210200
10003100
101000000
200021
221000
2000120
10400000
310001000
111001010
2000102
10011002
1201100
110201000
100000211
100110011
2000111
2111000
21101000
12101
3100001
11000300
100101101
131000000
120001001
30010001
110001110
300020
200210000
102011000
200100002
100020200
1110002
1202
2101100
1011200
20000
111100010
1030100
10202000
200200010
1111001
3110000
20000300
21001100
1010012
1111010
101011100
102000011
10011200
100002002
1220000
200012
12200000
10011110
1010000
11000030
100010000
100130
11000012
20001020
100200101
200003000
1001021
11000102
1110020
1021100
1010003
201000020
130000100
111110000
110010011
110020010
110300
1001012
20100101
12001001
100000130
2001101
221
11000
120100001
1001000
211100000
104000000
100101020
300101000
2020100
400100000
102110000
102110
100012001
10210010
2000030
11100200
410000000
101010011
310000100
1001003
3100100
11100110
200010011
210020000
2000000
41
2000003
1001120
2000012
210100100
101110100
200030000
10111100
10000010
11001011
10000022
20200001
10111010
13010000
2002100
110110100
201010100
111002000
102100001
100010111
121000100
300100100
10103000
100310000
100200020
1003100
101000030
10000004
1001111
101020001
220000001
10020011
40000010
120000200
200010200
100030100
110102
110002100
200001110
10012001
101100101
20101100
1001102
32
1011020
31010000
11100002
10310
20010110
11100020
11210
30000011
10000310
1000040
121001
20102000
1111100
2001020
302000000
130010000
20010002
1011011
200011001
11200010
100003010
100121
100100201
100210001
100011200
10000100
3001100
10211000
10000112
10000130
2001002
1011002
201002000
111020
20201000
100010030
12110
11200100
110021000
220010
20110010
10020101
2020010
20111
100001120
200002100
10000400
11001101
102101
200030
101100020
2300000
4000100
2102
100110200
100000112
300002
12002000
111101000
2002001
113000
201200000
110001011
30011000
1300100
3001001
1000400
100020101
13000010
2002010
21011
302000
110101100
100100120
110030
103000100
21000011
1021010
11102
10100000
200200100
20003
23
1112
10100030
1002110
111200000
112000010
100201010
22010000
20000120
102000200
1011101
120002
13000100
2201
20201
300000020
120200
300011
11002001
4000001
101111
100031000
111000110
4010000
111010100
1010030
103010000
11010101
10001000
140000000
10021001
40000001
130000001
1021001
112010
112010000
12002
210100001
22001
101001020
301010
100000031
100112
1002101
12011000
200000210
100004000
100300010
21101
11101001
1100300
201010001
10100210
20100020
230
2003000
3002
101002010
30010100
100020020
10200002
100130000
110200100
10001
200010101
110000003
101300
2300
100400000
101110001
201020000
200001011
10001111
300002000
3200
100002110
1112000
11201000
100010300
2012
14
110110001
100010012
121000001
201001100
100103000
1004
1211
10040
10200200
20100200
210000020
200010002
200120000
110002001
200001200
120000101
120020000
4001
1100111
400001000
200110010
100310
1100120
110002010
210010010
10000103
30001010
10200020
1400
3001010
101000003
10110020
100030001
101101010
100210100
10000220
100112000
11110001
100013000
120100010
110100020
14000000
1400000
300010001
112001000
120010100
410000
20110100
120110000
130100000
120010010
10220000
1012100
100100102
101102
200000
120011000
10101011
120010001
13001000
11
400100
10000211
300101
100011101
101012000
10101110
10101020
100040
20200100
1020020
10101002
110100011
300110
111020000
11003000
10100012
1022000
300001100
100000103
100001000
110000000
10010030
100200002
1300010
1200011
1301000
2001110
11010110
101210000
100220000
101001101
20100011
10010003
20300
230000
10100102
1020011
1300001
101000201
211100
10030010
210001010
200300
110011010
40100
200002010
11011100
100021100
110
30110000
111011
10002011
200210
100001021
20300000
111200
100120010
100301000
110120000
100020110
103001
100000400
1301
200200001
300011000
30200000
11210000
120000020
12000020
20002010
200111000
11111
1103000
401000000
210011000
102020
101001002
3101000
100000013
110111
1101200
100000202
100021010
100102001
10300001
11110100
10022000
20010101
400000100
111001100
101120000
30000002
101200010
10101200
210110
31000010
300200
100103
110000102
21200
110001200
22100
10011020
200011100
210002
30200
101030000
101000012
202100000
130100
200001002
1004000
22000001
100020002
10110200
10010201
201000011
310010000
40001000
20002001
2020001
103000001
113
100100021
110101001
20030000
10201010
100101002
100121000
100011020
110021
111100100
1002020
21011000
110020100
100001201
20110001
1012010
1100210
121100000
12011
20
100002200
104000
10021010
101000300
200000111
112100
101100002
100001102
102000101
2021000
11011010
300000200
11020100
10010111
10030100
31001
1022
110100200
102001001
112100000
12000110
3200000
200000030
101
10012100
110012
31100
111000011
12000200
111010001
310010
100301
301100000
1002011
201000200
101030
4100000
30100010
13100000
11000201
101101100
10010102
230000000
112001
10112000
12000002
10010021
22010
21010100
111000002
100010003
10001030
10010
100000301
310001
102000110
1120100
1310
10110011
10120001
1002002
120000011
100000220
30000110
200000300
100110020
100100
300000101
200000012
10202
12100001
200110100
102010001
20011100
2010011
210002000
100100300
2010002
122000
10000202
100101110
112000001
1100003
1100000
120001010
211001
10103
201001001
200012000
1030010
210011
10000040
100001210
11003
2010200
200100020
11020001
12020000
101101001
101010101
20000102
10110101
100120100
103010
1031000
1010021
100030010
300000011
1200200
301000100
21000002
101003000
10111001
1101011
10000031
20011010
200001101
101102000
22000010
311000
320000
2100002
21000110
211000010
1100012
10100120
2120
1003010
20000111
2100011
100202000
100003001
200002001
2102000
102000020
13001
100002011
21100100
10200110
2100020
300110000
10210100
21200000
1100021
100010201
21110000
201100100
20001011
20000003
20120000
11000120
10031
2001011
1100030
100200110
1101020
100111010
102100010
110210
10002101
110001101
101000120
11120000
12110000
300010010
110003000
20020010
100001003
11021000
1121
101002100
100022000
210000110
20020001
140000
101011010
120000110
11011001
12010001
110010020
21020
120000002
10011011
31000001
1210001
200011010
302
111002
120200000
10220
1000103
11021
2110001
202010
210200000
20011001
1130000
10003001
1102001
1210010
10040000
21100010
2110010
1010111
10301000
210010100
110120
200101010
100000121
110000210
100000001
201100010
10102001
201101
11102000
211000001
1000121
100012010
1020002
2201000
120011
1001300
2100101
20012000
2003
101010020
20101001
100003100
103100
1000031
200111
20002100
2100110
101201000
100111001
212000
100011011
100100003
100102010
20000210
21001010
301010000
1001
200020010
220100000
40100000
201001010
110000111
100011002
20000000
101021
10022
100010
1200020
2010101
10300010
21002000
11120
20001110
210020
1040000
1003001
120101
110200001
1030001
2120000
11012000
32000000
10011101
30101
100010120
212000000
21010001
210101000
102010100
11000021
20001002
2010110
100110101
1110200
3020
211010
111010010
200020100
101010200
210001100
11000111
200201000
113000000
10100021
310000010
101020010
1110011
410
13010
2110100
110010200
121000010
100031
211001000
110011100
203
111001001
3011000
11300000
100102100
3100010
2000021
202010000
110201
101001200
1100102
200000120
12001010
11020010
200201
1001210
30001001
200102000
100110002
100000010
101100110
1101101
12001100
22000100
2100200
12020
100211
201000110
101010110
20001200
300000002
101000111
1101110
2021
1220
1102100
110000021
11010011
20101010
110100110
1000100
122000000
20100110
300100010
120100100
4000010
111011000
10002200
10201100
10210001
4100
10112
2200010
202000001
101300000
201000101
10110002
201002
2210
20120
111100001
1012001
10003010
100100210
101120
100210010
10031000
1211000
110000030
1001030
120110
11030000
120002000
12100010
20111000
100120001
1121000
10211
100201100
30100100
110012000
110000120
1120010
10102100
11001020
10000013
32000
112000100
11001002
102000002
301001000
10001201
100040000
10100
110100101
1120001
110000
30002
2011100
201110000
202001
110010101
3002000
102011
121100
111000200
201200
1000220
101020100
122
2010020
1000022
102001010
41000000
23000
10000001
101000102
11012
103100000
10020002
301100
201000002
200003
10020020
220100
1013000
131
1100201
300001010
100220
210101
110003
102101000
10000121
110010002
110020001
21010010
20010200
3010010
10012010
30101000
1000310
201020
20021
12101000
102002000
11002010
11100101
311
101001110
1210100
200000102
30011
100300100
10004000
10310000
30000101
20003000
20000012
10000301
11100011
100101011
2000300
200
101012
40010
41000
110001020
12010010
11000003
200000021
200102
200100110
11000210
11010200
10100201
130010
20030
20010020
12010100
101010002
3101
10100300
10001012
110011001
101011001
200100011
120101000
2011010
13000001
200000201
210000011
