111000000
111111000
111111111
111111114
111111141
111111222
111111300
111111330
111111303
111111411
111111030
111111033
111111003
111112110
111112113
111112140
111112221
111112410
111113220
111114000
111114111
111114300
111114030
111114003
111122100
111122130
111122103
111122211
111122400
111123210
111133200
111141000
111141111
111141300
111141030
111141003
111142110
111144000
111222000
111222111
111222300
111222030
111222003
111223110
111233100
111300000
111311100
111311130
111311103
111311211
111311400
111312210
111314100
111322200
111330000
111331110
111333000
111330111
111330300
111330030
111330003
111341100
111301110
111301113
111301140
111301221
111301410
111302220
111303000
111303111
111303300
111303030
111303003
111304110
111300111
111300114
111300141
111300222
111300300
111300330
111300303
111300411
111300030
111300033
111300003
111411000
111411111
111411300
111411030
111411003
111412110
111414000
111422100
111441000
111011100
111011130
111011133
111011103
111011211
111011214
111011241
111011322
111011400
111011430
111011403
111012210
111012213
111012240
111012321
111013320
111014100
111014130
111014103
111014211
111014400
111022200
111022230
111022203
111022311
111023310
111030000
111031110
111031113
111031140
111031221
111031410
111032220
111033000
111033111
111033300
111033030
111033003
111034110
111030111
111030114
111030141
111030222
111030300
111030330
111030303
111030411
111030030
111030033
111030003
111041100
111041130
111041103
111041211
111041400
111042210
111044100
111001110
111001113
111001140
111001143
111001221
111001224
111001332
111001410
111001413
111001440
111002220
111002223
111002331
111003000
111003111
111003114
111003141
111003222
111003300
111003330
111003303
111003411
111003030
111003033
111003003
111004110
111004113
111004140
111004221
111004410
111000111
111000114
111000141
111000144
111000222
111000300
111000330
111000333
111000303
111000411
111000414
111000441
111000030
111000033
111000003
112110000
112111110
112111113
112111140
112111221
112111410
112112220
112113000
112113111
112113300
112113030
112113003
112114110
112110111
112110114
112110141
112110222
112110300
112110330
112110303
112110411
112110030
112110033
112110003
112121100
112121130
112121103
112121211
112121400
112122210
112124100
112132200
112140000
112141110
112143000
112140111
112140300
112140030
112140003
112221000
112221111
112221300
112221030
112221003
112222110
112224000
112232100
112332000
112410000
112411110
112413000
112410111
112410300
112410030
112410003
112421100
112440000
113220000
113221110
113223000
113220111
113220300
113220030
113220003
113231100
113331000
114000000
114111000
114111111
114111300
114111030
114111003
114112110
114114000
114122100
114141000
114222000
114300000
114311100
114330000
114301110
114303000
114300111
114300300
114300030
114300003
114411000
114011100
114011130
114011103
114011211
114011400
114012210
114014100
114022200
114030000
114031110
114033000
114030111
114030300
114030030
114030003
114041100
114001110
114001113
114001140
114001221
114001410
114002220
114003000
114003111
114003300
114003030
114003003
114004110
114000111
114000114
114000141
114000222
114000300
114000330
114000303
114000411
114000030
114000033
114000003
122100000
122111100
122111130
122111103
122111211
122111400
122112210
122114100
122122200
122130000
122131110
122133000
122130111
122130300
122130030
122130003
122141100
122101110
122101113
122101140
122101221
122101410
122102220
122103000
122103111
122103300
122103030
122103003
122104110
122100111
122100114
122100141
122100222
122100300
122100330
122100303
122100411
122100030
122100033
122100003
122211000
122211111
122211300
122211030
122211003
122212110
122214000
122222100
122241000
122322000
122400000
122411100
122430000
122401110
122403000
122400111
122400300
122400030
122400003
123210000
123211110
123213000
123210111
123210300
123210030
123210003
123221100
123240000
123321000
124320000
133200000
133211100
133230000
133201110
133203000
133200111
133200300
133200030
133200003
133311000
134310000
141000000
141111000
141111111
141111300
141111030
141111003
141112110
141114000
141122100
141141000
141222000
141300000
141311100
141330000
141301110
141303000
141300111
141300300
141300030
141300003
141411000
141011100
141011130
141011103
141011211
141011400
141012210
141014100
141022200
141030000
141031110
141033000
141030111
141030300
141030030
141030003
141041100
141001110
141001113
141001140
141001221
141001410
141002220
141003000
141003111
141003300
141003030
141003003
141004110
141000111
141000114
141000141
141000222
141000300
141000330
141000303
141000411
141000030
141000033
141000003
142110000
142111110
142113000
142110111
142110300
142110030
142110003
142121100
142140000
142221000
142410000
143220000
144000000
144111000
144300000
144011100
144030000
144001110
144003000
144000111
144000300
144000030
144000003
211122111
211321110
213311100
221112111
221131110
221321100
222000000
222111000
222111111
222111300
222111030
222111003
222112110
222114000
222122100
222141000
222222000
222300000
222311100
222330000
222301110
222303000
222300111
222300300
222300030
222300003
222411000
222011100
222011130
222011103
222011211
222011400
222012210
222014100
222022200
222030000
222031110
222033000
222030111
222030300
222030030
222030003
222041100
222001110
222001113
222001140
222001221
222001410
222002220
222003000
222003111
222003300
222003030
222003003
222004110
222000111
222000114
222000141
222000222
222000300
222000330
222000303
222000411
222000030
222000033
222000003
223110000
223111110
223113000
223110111
223110300
223110030
223110003
223121100
223140000
223211100
223221000
223410000
224220000
232211100
233100000
233111100
233130000
233101110
233103000
233100111
233100300
233100030
233100003
233211000
233400000
234210000
244200000
300000000
311100000
311111100
311111130
311111103
311111211
311111400
311112210
311114100
311122200
311130000
311131110
311133000
311130111
311130300
311130030
311130003
311141100
311101110
311101113
311101140
311101221
311101410
311102220
311103000
311103111
311103300
311103030
311103003
311104110
311100111
311100114
311100141
311100222
311100300
311100330
311100303
311100411
311100030
311100033
311100003
311211000
311211111
311211300
311211030
311211003
311212110
311214000
311222100
311241000
311322000
311400000
311411100
311430000
311401110
311403000
311400111
311400300
311400030
311400003
312210000
312211110
312213000
312210111
312210300
312210030
312210003
312221100
312240000
312321000
313320000
314100000
314111100
314130000
314101110
314103000
314100111
314100300
314100030
314100003
314211000
314400000
322200000
322211100
322230000
322201110
322203000
322200111
322200300
322200030
322200003
322311000
323310000
330000000
331110000
331111110
331113000
331110111
331110300
331110030
331110003
331121100
331140000
331221000
331410000
332220000
333000000
333111000
333300000
333011100
333030000
333001110
333003000
333000111
333000300
333000030
333000003
334110000
330111000
330111111
330111300
330111030
330111003
330112110
330114000
330122100
330141000
330222000
330300000
330311100
330330000
330301110
330303000
330300111
330300300
330300030
330300003
330411000
330011100
330011130
330011103
330011211
330011400
330012210
330014100
330022200
330030000
330031110
330033000
330030111
330030300
330030030
330030003
330041100
330001110
330001113
330001140
330001221
330001410
330002220
330003000
330003111
330003300
330003030
330003003
330004110
330000111
330000114
330000141
330000222
330000300
330000330
330000303
330000411
330000030
330000033
330000003
341100000
341111100
341130000
341101110
341103000
341100111
341100300
341100030
341100003
341211000
341400000
342210000
344100000
301110000
301111110
301111113
301111140
301111221
301111410
301112220
301113000
301113111
301113300
301113030
301113003
301114110
301110111
301110114
301110141
301110222
301110300
301110330
301110303
301110411
301110030
301110033
301110003
301121100
301121130
301121103
301121211
301121400
301122210
301124100
301132200
301140000
301141110
301143000
301140111
301140300
301140030
301140003
301221000
301221111
301221300
301221030
301221003
301222110
301224000
301232100
301332000
301410000
301411110
301413000
301410111
301410300
301410030
301410003
301421100
301440000
302220000
302221110
302223000
302220111
302220300
302220030
302220003
302231100
302331000
303000000
303111000
303111111
303111300
303111030
303111003
303112110
303114000
303122100
303141000
303222000
303300000
303311100
303330000
303301110
303303000
303300111
303300300
303300030
303300003
303411000
303011100
303011130
303011103
303011211
303011400
303012210
303014100
303022200
303030000
303031110
303033000
303030111
303030300
303030030
303030003
303041100
303001110
303001113
303001140
303001221
303001410
303002220
303003000
303003111
303003300
303003030
303003003
303004110
303000111
303000114
303000141
303000222
303000300
303000330
303000303
303000411
303000030
303000033
303000003
304110000
304111110
304113000
304110111
304110300
304110030
304110003
304121100
304140000
304221000
304410000
300111000
300111111
300111114
300111141
300111222
300111300
300111330
300111303
300111411
300111030
300111033
300111003
300112110
300112113
300112140
300112221
300112410
300113220
300114000
300114111
300114300
300114030
300114003
300122100
300122130
300122103
300122211
300122400
300123210
300133200
300141000
300141111
300141300
300141030
300141003
300142110
300144000
300222000
300222111
300222300
300222030
300222003
300223110
300233100
300300000
300311100
300311130
300311103
300311211
300311400
300312210
300314100
300322200
300330000
300331110
300333000
300330111
300330300
300330030
300330003
300341100
300301110
300301113
300301140
300301221
300301410
300302220
300303000
300303111
300303300
300303030
300303003
300304110
300300111
300300114
300300141
300300222
300300300
300300330
300300303
300300411
300300030
300300033
300300003
300411000
300411111
300411300
300411030
300411003
300412110
300414000
300422100
300441000
300011100
300011130
300011133
300011103
300011211
300011214
300011241
300011322
300011400
300011430
300011403
300012210
300012213
300012240
300012321
300013320
300014100
300014130
300014103
300014211
300014400
300022200
300022230
300022203
300022311
300023310
300030000
300031110
300031113
300031140
300031221
300031410
300032220
300033000
300033111
300033300
300033030
300033003
300034110
300030111
300030114
300030141
300030222
300030300
300030330
300030303
300030411
300030030
300030033
300030003
300041100
300041130
300041103
300041211
300041400
300042210
300044100
300001110
300001113
300001140
300001143
300001221
300001224
300001332
300001410
300001413
300001440
300002220
300002223
300002331
300003000
300003111
300003114
300003141
300003222
300003300
300003330
300003303
300003411
300003030
300003033
300003003
300004110
300004113
300004140
300004221
300004410
300000111
300000114
300000141
300000144
300000222
300000300
300000330
300000333
300000303
300000411
300000414
300000441
300000030
300000033
300000003
411000000
411111000
411111111
411111300
411111030
411111003
411112110
411114000
411122100
411141000
411222000
411300000
411311100
411330000
411301110
411303000
411300111
411300300
411300030
411300003
411411000
411011100
411011130
411011103
411011211
411011400
411012210
411014100
411022200
411030000
411031110
411033000
411030111
411030300
411030030
411030003
411041100
411001110
411001113
411001140
411001221
411001410
411002220
411003000
411003111
411003300
411003030
411003003
411004110
411000111
411000114
411000141
411000222
411000300
411000330
411000303
411000411
411000030
411000033
411000003
412110000
412111110
412113000
412110111
412110300
412110030
412110003
412121100
412140000
412221000
412410000
413220000
414000000
414111000
414300000
414011100
414030000
414001110
414003000
414000111
414000300
414000030
414000003
422100000
422111100
422130000
422101110
422103000
422100111
422100300
422100030
422100003
422211000
422400000
423210000
433200000
441000000
441111000
441300000
441011100
441030000
441001110
441003000
441000111
441000300
441000030
441000003
442110000
444000000
11100000
11111100
11111130
11111133
11111103
11111211
11111214
11111241
11111322
11111400
11111430
11111403
11112210
11112213
11112240
11112321
11113320
11114100
11114130
11114103
11114211
11114400
11122200
11122230
11122203
11122311
11123310
11130000
11131110
11131113
11131140
11131221
11131410
11132220
11133000
11133111
11133300
11133030
11133003
11134110
11130111
11130114
11130141
11130222
11130300
11130330
11130303
11130411
11130030
11130033
11130003
11141100
11141130
11141103
11141211
11141400
11142210
11144100
11101110
11101113
11101140
11101143
11101221
11101224
11101332
11101410
11101413
11101440
11102220
11102223
11102331
11103000
11103111
11103114
11103141
11103222
11103300
11103330
11103303
11103411
11103030
11103033
11103003
11104110
11104113
11104140
11104221
11104410
11100111
11100114
11100141
11100144
11100222
11100300
11100330
11100333
11100303
11100411
11100414
11100441
11100030
11100033
11100003
11211000
11211111
11211114
11211141
11211222
11211300
11211330
11211303
11211411
11211030
11211033
11211003
11212110
11212113
11212140
11212221
11212410
11213220
11214000
11214111
11214300
11214030
11214003
11222100
11222130
11222103
11222211
11222400
11223210
11233200
11241000
11241111
11241300
11241030
11241003
11242110
11244000
11322000
11322111
11322300
11322030
11322003
11323110
11333100
11400000
11411100
11411130
11411103
11411211
11411400
11412210
11414100
11422200
11430000
11431110
11433000
11430111
11430300
11430030
11430003
11441100
11401110
11401113
11401140
11401221
11401410
11402220
11403000
11403111
11403300
11403030
11403003
11404110
11400111
11400114
11400141
11400222
11400300
11400330
11400303
11400411
11400030
11400033
11400003
12210000
12211110
12211113
12211140
12211221
12211410
12212220
12213000
12213111
12213300
12213030
12213003
12214110
12210111
12210114
12210141
12210222
12210300
12210330
12210303
12210411
12210030
12210033
12210003
12221100
12221130
12221103
12221211
12221400
12222210
12224100
12232200
12240000
12241110
12243000
12240111
12240300
12240030
12240003
12321000
12321111
12321300
12321030
12321003
12322110
12324000
12332100
12432000
13320000
13321110
13323000
13320111
13320300
13320030
13320003
13331100
13431000
14100000
14111100
14111130
14111103
14111211
14111400
14112210
14114100
14122200
14130000
14131110
14133000
14130111
14130300
14130030
14130003
14141100
14101110
14101113
14101140
14101221
14101410
14102220
14103000
14103111
14103300
14103030
14103003
14104110
14100111
14100114
14100141
14100222
14100300
14100330
14100303
14100411
14100030
14100033
14100003
14211000
14211111
14211300
14211030
14211003
14212110
14214000
14222100
14241000
14322000
14400000
14411100
14430000
14401110
14403000
14400111
14400300
14400030
14400003
21132111
21331110
22113111
22132110
22200000
22211100
22211130
22211103
22211211
22211400
22212210
22214100
22222200
22230000
22231110
22233000
22230111
22230300
22230030
22230003
22241100
22201110
22201113
22201140
22201221
22201410
22202220
22203000
22203111
22203300
22203030
22203003
22204110
22200111
22200114
22200141
22200222
22200300
22200330
22200303
22200411
22200030
22200033
22200003
22311000
22311111
22311300
22311030
22311003
22312110
22314000
22321110
22322100
22341000
22422000
23221110
23310000
23311110
23313000
23310111
23310300
23310030
23310003
23321100
23340000
23421000
24420000
30000000
31110000
31111110
31111113
31111140
31111221
31111410
31112220
31113000
31113111
31113300
31113030
31113003
31114110
31110111
31110114
31110141
31110222
31110300
31110330
31110303
31110411
31110030
31110033
31110003
31121100
31121130
31121103
31121211
31121400
31122210
31124100
31132200
31140000
31141110
31143000
31140111
31140300
31140030
31140003
31221000
31221111
31221300
31221030
31221003
31222110
31224000
31232100
31332000
31410000
31411110
31413000
31410111
31410300
31410030
31410003
31421100
31440000
32220000
32221110
32223000
32220111
32220300
32220030
32220003
32231100
32331000
33000000
33111000
33111111
33111300
33111030
33111003
33112110
33114000
33122100
33141000
33222000
33300000
33311100
33330000
33301110
33303000
33300111
33300300
33300030
33300003
33411000
33011100
33011130
33011103
33011211
33011400
33012210
33014100
33022200
33030000
33031110
33033000
33030111
33030300
33030030
33030003
33041100
33001110
33001113
33001140
33001221
33001410
33002220
33003000
33003111
33003300
33003030
33003003
33004110
33000111
33000114
33000141
33000222
33000300
33000330
33000303
33000411
33000030
33000033
33000003
34110000
34111110
34113000
34110111
34110300
34110030
34110003
34121100
34140000
34221000
34410000
30111000
30111111
30111114
30111141
30111222
30111300
30111330
30111303
30111411
30111030
30111033
30111003
30112110
30112113
30112140
30112221
30112410
30113220
30114000
30114111
30114300
30114030
30114003
30122100
30122130
30122103
30122211
30122400
30123210
30133200
30141000
30141111
30141300
30141030
30141003
30142110
30144000
30222000
30222111
30222300
30222030
30222003
30223110
30233100
30300000
30311100
30311130
30311103
30311211
30311400
30312210
30314100
30322200
30330000
30331110
30333000
30330111
30330300
30330030
30330003
30341100
30301110
30301113
30301140
30301221
30301410
30302220
30303000
30303111
30303300
30303030
30303003
30304110
30300111
30300114
30300141
30300222
30300300
30300330
30300303
30300411
30300030
30300033
30300003
30411000
30411111
30411300
30411030
30411003
30412110
30414000
30422100
30441000
30011100
30011130
30011133
30011103
30011211
30011214
30011241
30011322
30011400
30011430
30011403
30012210
30012213
30012240
30012321
30013320
30014100
30014130
30014103
30014211
30014400
30022200
30022230
30022203
30022311
30023310
30030000
30031110
30031113
30031140
30031221
30031410
30032220
30033000
30033111
30033300
30033030
30033003
30034110
30030111
30030114
30030141
30030222
30030300
30030330
30030303
30030411
30030030
30030033
30030003
30041100
30041130
30041103
30041211
30041400
30042210
30044100
30001110
30001113
30001140
30001143
30001221
30001224
30001332
30001410
30001413
30001440
30002220
30002223
30002331
30003000
30003111
30003114
30003141
30003222
30003300
30003330
30003303
30003411
30003030
30003033
30003003
30004110
30004113
30004140
30004221
30004410
30000111
30000114
30000141
30000144
30000222
30000300
30000330
30000333
30000303
30000411
30000414
30000441
30000030
30000033
30000003
41100000
41111100
41111130
41111103
41111211
41111400
41112210
41114100
41122200
41130000
41131110
41133000
41130111
41130300
41130030
41130003
41141100
41101110
41101113
41101140
41101221
41101410
41102220
41103000
41103111
41103300
41103030
41103003
41104110
41100111
41100114
41100141
41100222
41100300
41100330
41100303
41100411
41100030
41100033
41100003
41211000
41211111
41211300
41211030
41211003
41212110
41214000
41222100
41241000
41322000
41400000
41411100
41430000
41401110
41403000
41400111
41400300
41400030
41400003
42210000
42211110
42213000
42210111
42210300
42210030
42210003
42221100
42240000
42321000
43320000
44100000
44111100
44130000
44101110
44103000
44100111
44100300
44100030
44100003
44211000
44400000
1110000
1111110
1111113
1111140
1111143
1111221
1111224
1111332
1111410
1111413
1111440
1112220
1112223
1112331
1113000
1113111
1113114
1113141
1113222
1113300
1113330
1113303
1113411
1113030
1113033
1113003
1114110
1114113
1114140
1114221
1114410
1110111
1110114
1110141
1110144
1110222
1110300
1110330
1110333
1110303
1110411
1110414
1110441
1110030
1110033
1110003
1121100
1121130
1121133
1121103
1121211
1121214
1121241
1121322
1121400
1121430
1121403
1122210
1122213
1122240
1122321
1123320
1124100
1124130
1124103
1124211
1124400
1132200
1132230
1132203
1132311
1133310
1140000
1141110
1141113
1141140
1141221
1141410
1142220
1143000
1143111
1143300
1143030
1143003
1144110
1140111
1140114
1140141
1140222
1140300
1140330
1140303
1140411
1140030
1140033
1140003
1221000
1221111
1221114
1221141
1221222
1221300
1221330
1221303
1221411
1221030
1221033
1221003
1222110
1222113
1222140
1222221
1222410
1223220
1224000
1224111
1224300
1224030
1224003
1232100
1232130
1232103
1232211
1232400
1233210
1243200
1332000
1332111
1332300
1332030
1332003
1333110
1343100
1410000
1411110
1411113
1411140
1411221
1411410
1412220
1413000
1413111
1413300
1413030
1413003
1414110
1410111
1410114
1410141
1410222
1410300
1410330
1410303
1410411
1410030
1410033
1410003
1421100
1421130
1421103
1421211
1421400
1422210
1424100
1432200
1440000
1441110
1443000
1440111
1440300
1440030
1440003
2133111
2213211
2220000
2221110
2221113
2221140
2221221
2221410
2222220
2223000
2223111
2223300
2223030
2223003
2224110
2220111
2220114
2220141
2220222
2220300
2220330
2220303
2220411
2220030
2220033
2220003
2231100
2231130
2231103
2231211
2231400
2232111
2232210
2234100
2242200
2322111
2331000
2331111
2331300
2331030
2331003
2332110
2334000
2342100
2442000
3000000
3111000
3111111
3111114
3111141
3111222
3111300
3111330
3111303
3111411
3111030
3111033
3111003
3112110
3112113
3112140
3112221
3112410
3113220
3114000
3114111
3114300
3114030
3114003
3122100
3122130
3122103
3122211
3122400
3123210
3133200
3141000
3141111
3141300
3141030
3141003
3142110
3144000
3222000
3222111
3222300
3222030
3222003
3223110
3233100
3300000
3311100
3311130
3311103
3311211
3311400
3312210
3314100
3322200
3330000
3331110
3333000
3330111
3330300
3330030
3330003
3341100
3301110
3301113
3301140
3301221
3301410
3302220
3303000
3303111
3303300
3303030
3303003
3304110
3300111
3300114
3300141
3300222
3300300
3300330
3300303
3300411
3300030
3300033
3300003
3411000
3411111
3411300
3411030
3411003
3412110
3414000
3422100
3441000
3011100
3011130
3011133
3011103
3011211
3011214
3011241
3011322
3011400
3011430
3011403
3012210
3012213
3012240
3012321
3013320
3014100
3014130
3014103
3014211
3014400
3022200
3022230
3022203
3022311
3023310
3030000
3031110
3031113
3031140
3031221
3031410
3032220
3033000
3033111
3033300
3033030
3033003
3034110
3030111
3030114
3030141
3030222
3030300
3030330
3030303
3030411
3030030
3030033
3030003
3041100
3041130
3041103
3041211
3041400
3042210
3044100
3001110
3001113
3001140
3001143
3001221
3001224
3001332
3001410
3001413
3001440
3002220
3002223
3002331
3003000
3003111
3003114
3003141
3003222
3003300
3003330
3003303
3003411
3003030
3003033
3003003
3004110
3004113
3004140
3004221
3004410
3000111
3000114
3000141
3000144
3000222
3000300
3000330
3000333
3000303
3000411
3000414
3000441
3000030
3000033
3000003
4110000
4111110
4111113
4111140
4111221
4111410
4112220
4113000
4113111
4113300
4113030
4113003
4114110
4110111
4110114
4110141
4110222
4110300
4110330
4110303
4110411
4110030
4110033
4110003
4121100
4121130
4121103
4121211
4121400
4122210
4124100
4132200
4140000
4141110
4143000
4140111
4140300
4140030
4140003
4221000
4221111
4221300
4221030
4221003
4222110
4224000
4232100
4332000
4410000
4411110
4413000
4410111
4410300
4410030
4410003
4421100
4440000
111000
111111
111114
111141
111144
111222
111300
111330
111333
111303
111411
111414
111441
111030
111033
111003
112110
112113
112140
112143
112221
112224
112332
112410
112413
112440
113220
113223
113331
114000
114111
114114
114141
114222
114300
114330
114303
114411
114030
114033
114003
122100
122130
122133
122103
122211
122214
122241
122322
122400
122430
122403
123210
123213
123240
123321
124320
133200
133230
133203
133311
134310
141000
141111
141114
141141
141222
141300
141330
141303
141411
141030
141033
141003
142110
142113
142140
142221
142410
143220
144000
144111
144300
144030
144003
222000
222111
222114
222141
222222
222300
222330
222303
222411
222030
222033
222003
223110
223113
223140
223221
223410
224220
233100
233130
233103
233211
233400
234210
244200
300000
311100
311130
311133
311103
311211
311214
311241
311322
311400
311430
311403
312210
312213
312240
312321
313320
314100
314130
314103
314211
314400
322200
322230
322203
322311
323310
330000
331110
331113
331140
331221
331410
332220
333000
333111
333300
333030
333003
334110
330111
330114
330141
330222
330300
330330
330303
330411
330030
330033
330003
341100
341130
341103
341211
341400
342210
344100
301110
301113
301140
301143
301221
301224
301332
301410
301413
301440
302220
302223
302331
303000
303111
303114
303141
303222
303300
303330
303303
303411
303030
303033
303003
304110
304113
304140
304221
304410
300111
300114
300141
300144
300222
300300
300330
300333
300303
300411
300414
300441
300030
300033
300003
411000
411111
411114
411141
411222
411300
411330
411303
411411
411030
411033
411003
412110
412113
412140
412221
412410
413220
414000
414111
414300
414030
414003
422100
422130
422103
422211
422400
423210
433200
441000
441111
441300
441030
441003
442110
444000
11100
11130
11133
11103
11211
11214
11241
11244
11322
11400
11430
11433
11403
12210
12213
12240
12243
12321
12324
12432
13320
13323
13431
14100
14130
14133
14103
14211
14214
14241
14322
14400
14430
14403
22200
22230
22233
22203
22311
22314
22341
22422
23310
23313
23340
23421
24420
30000
31110
31113
31140
31143
31221
31224
31332
31410
31413
31440
32220
32223
32331
33000
33111
33114
33141
33222
33300
33330
33303
33411
33030
33033
33003
34110
34113
34140
34221
34410
30111
30114
30141
30144
30222
30300
30330
30333
30303
30411
30414
30441
30030
30033
30003
41100
41130
41133
41103
41211
41214
41241
41322
41400
41430
41403
42210
42213
42240
42321
43320
44100
44130
44103
44211
44400
1110
1113
1140
1143
1221
1224
1332
1410
1413
1440
1443
2220
2223
2331
2334
2442
3000
3111
3114
3141
3144
3222
3300
3330
3333
3303
3411
3414
3441
3030
3033
3003
4110
4113
4140
4143
4221
4224
4332
4410
4413
4440
111
114
141
144
222
300
330
333
303
411
414
441
444
30
33
3
